# Execution time and date (UTC): Fri Aug  9 12:52:07 2024
# Execution time and date (local): Fri Aug  9 15:52:07 2024
# MPI execution on rank 0 with 2 processes in world
# Reported time measurements are in microseconds
# pretty output format
     msg_size  window_size         runs   recv_index    num_peers receiver_type       id         time     overhead 
            8           128           500             0             1          devx          0 29.352905            0 
            8           128           500             0             1          devx          1 18.970703            0 
            8           128           500             0             1          devx          2 18.338623            0 
            8           128           500             0             1          devx          3 18.053833            0 
            8           128           500             0             1          devx          4 17.863770            0 
            8           128           500             0             1          devx          5 18.777588            0 
            8           128           500             0             1          devx          6 17.932861            0 
            8           128           500             0             1          devx          7 17.150757            0 
            8           128           500             0             1          devx          8 18.881714            0 
            8           128           500             0             1          devx          9 18.527832            0 
            8           128           500             0             1          devx         10 18.153809            0 
            8           128           500             0             1          devx         11 17.163818            0 
            8           128           500             0             1          devx         12 17.100830            0 
            8           128           500             0             1          devx         13 18.333740            0 
            8           128           500             0             1          devx         14 18.364624            0 
            8           128           500             0             1          devx         15 18.652710            0 
            8           128           500             0             1          devx         16 18.499756            0 
            8           128           500             0             1          devx         17 18.908691            0 
            8           128           500             0             1          devx         18 18.078613            0 
            8           128           500             0             1          devx         19 19.272705            0 
            8           128           500             0             1          devx         20 18.714722            0 
            8           128           500             0             1          devx         21 18.908691            0 
            8           128           500             0             1          devx         22 18.158691            0 
            8           128           500             0             1          devx         23 17.860718            0 
            8           128           500             0             1          devx         24 18.925537            0 
            8           128           500             0             1          devx         25 18.476685            0 
            8           128           500             0             1          devx         26 17.882690            0 
            8           128           500             0             1          devx         27 18.508667            0 
            8           128           500             0             1          devx         28 17.762695            0 
            8           128           500             0             1          devx         29 17.106934            0 
            8           128           500             0             1          devx         30 18.904663            0 
            8           128           500             0             1          devx         31 18.939819            0 
            8           128           500             0             1          devx         32 17.095825            0 
            8           128           500             0             1          devx         33 18.217651            0 
            8           128           500             0             1          devx         34 17.970825            0 
            8           128           500             0             1          devx         35 17.792847            0 
            8           128           500             0             1          devx         36 17.943848            0 
            8           128           500             0             1          devx         37 19.007690            0 
            8           128           500             0             1          devx         38 18.515747            0 
            8           128           500             0             1          devx         39 18.686646            0 
            8           128           500             0             1          devx         40 18.520630            0 
            8           128           500             0             1          devx         41 19.065796            0 
            8           128           500             0             1          devx         42 18.053833            0 
            8           128           500             0             1          devx         43 17.772583            0 
            8           128           500             0             1          devx         44 17.975830            0 
            8           128           500             0             1          devx         45 18.699707            0 
            8           128           500             0             1          devx         46 18.807739            0 
            8           128           500             0             1          devx         47 17.220703            0 
            8           128           500             0             1          devx         48 18.963623            0 
            8           128           500             0             1          devx         49 18.672607            0 
            8           128           500             0             1          devx         50 18.134766            0 
            8           128           500             0             1          devx         51 17.886719            0 
            8           128           500             0             1          devx         52 17.847778            0 
            8           128           500             0             1          devx         53 19.010742            0 
            8           128           500             0             1          devx         54 17.301880            0 
            8           128           500             0             1          devx         55 17.225830            0 
            8           128           500             0             1          devx         56 18.420532            0 
            8           128           500             0             1          devx         57 19.022705            0 
            8           128           500             0             1          devx         58 18.859741            0 
            8           128           500             0             1          devx         59 17.976807            0 
            8           128           500             0             1          devx         60 17.317871            0 
            8           128           500             0             1          devx         61 17.969727            0 
            8           128           500             0             1          devx         62 19.148682            0 
            8           128           500             0             1          devx         63 17.863770            0 
            8           128           500             0             1          devx         64 19.023682            0 
            8           128           500             0             1          devx         65 19.061646            0 
            8           128           500             0             1          devx         66 18.846802            0 
            8           128           500             0             1          devx         67 17.662720            0 
            8           128           500             0             1          devx         68 17.687744            0 
            8           128           500             0             1          devx         69 17.806763            0 
            8           128           500             0             1          devx         70 18.746826            0 
            8           128           500             0             1          devx         71 18.286865            0 
            8           128           500             0             1          devx         72 18.034790            0 
            8           128           500             0             1          devx         73 19.047729            0 
            8           128           500             0             1          devx         74 17.919800            0 
            8           128           500             0             1          devx         75 19.099609            0 
            8           128           500             0             1          devx         76 18.101685            0 
            8           128           500             0             1          devx         77 18.700684            0 
            8           128           500             0             1          devx         78 18.344727            0 
            8           128           500             0             1          devx         79 18.051758            0 
            8           128           500             0             1          devx         80 17.736694            0 
            8           128           500             0             1          devx         81 18.994629            0 
            8           128           500             0             1          devx         82 18.093628            0 
            8           128           500             0             1          devx         83 18.949585            0 
            8           128           500             0             1          devx         84 17.201782            0 
            8           128           500             0             1          devx         85 17.062744            0 
            8           128           500             0             1          devx         86 17.758667            0 
            8           128           500             0             1          devx         87 18.711548            0 
            8           128           500             0             1          devx         88 18.974854            0 
            8           128           500             0             1          devx         89 18.626831            0 
            8           128           500             0             1          devx         90 18.098755            0 
            8           128           500             0             1          devx         91 18.044678            0 
            8           128           500             0             1          devx         92 17.725708            0 
            8           128           500             0             1          devx         93 18.415649            0 
            8           128           500             0             1          devx         94 18.659668            0 
            8           128           500             0             1          devx         95 18.682739            0 
            8           128           500             0             1          devx         96 17.593750            0 
            8           128           500             0             1          devx         97 17.044678            0 
            8           128           500             0             1          devx         98 18.753662            0 
            8           128           500             0             1          devx         99 17.915771            0 
            8           128           500             0             1          devx        100 17.792847            0 
            8           128           500             0             1          devx        101 18.245605            0 
            8           128           500             0             1          devx        102 18.851807            0 
            8           128           500             0             1          devx        103 18.092651            0 
            8           128           500             0             1          devx        104 17.909668            0 
            8           128           500             0             1          devx        105 18.819702            0 
            8           128           500             0             1          devx        106 17.788818            0 
            8           128           500             0             1          devx        107 17.635864            0 
            8           128           500             0             1          devx        108 17.864746            0 
            8           128           500             0             1          devx        109 18.846680            0 
            8           128           500             0             1          devx        110 18.732666            0 
            8           128           500             0             1          devx        111 18.399780            0 
            8           128           500             0             1          devx        112 17.004883            0 
            8           128           500             0             1          devx        113 18.609741            0 
            8           128           500             0             1          devx        114 17.145752            0 
            8           128           500             0             1          devx        115 17.706787            0 
            8           128           500             0             1          devx        116 17.857788            0 
            8           128           500             0             1          devx        117 18.124756            0 
            8           128           500             0             1          devx        118 17.199829            0 
            8           128           500             0             1          devx        119 17.916870            0 
            8           128           500             0             1          devx        120 17.988770            0 
            8           128           500             0             1          devx        121 18.576660            0 
            8           128           500             0             1          devx        122 17.864868            0 
            8           128           500             0             1          devx        123 18.076782            0 
            8           128           500             0             1          devx        124 17.167725            0 
            8           128           500             0             1          devx        125 18.928589            0 
            8           128           500             0             1          devx        126 18.622681            0 
            8           128           500             0             1          devx        127 17.872803            0 
            8           128           500             0             1          devx        128 18.320679            0 
            8           128           500             0             1          devx        129 18.536621            0 
            8           128           500             0             1          devx        130 17.980835            0 
            8           128           500             0             1          devx        131 17.953735            0 
            8           128           500             0             1          devx        132 18.737671            0 
            8           128           500             0             1          devx        133 18.365723            0 
            8           128           500             0             1          devx        134 18.366699            0 
            8           128           500             0             1          devx        135 18.023804            0 
            8           128           500             0             1          devx        136 17.911743            0 
            8           128           500             0             1          devx        137 18.698608            0 
            8           128           500             0             1          devx        138 18.745850            0 
            8           128           500             0             1          devx        139 17.840820            0 
            8           128           500             0             1          devx        140 18.859741            0 
            8           128           500             0             1          devx        141 18.884644            0 
            8           128           500             0             1          devx        142 17.790894            0 
            8           128           500             0             1          devx        143 18.335693            0 
            8           128           500             0             1          devx        144 17.565918            0 
            8           128           500             0             1          devx        145 18.132812            0 
            8           128           500             0             1          devx        146 17.809692            0 
            8           128           500             0             1          devx        147 17.894653            0 
            8           128           500             0             1          devx        148 17.725708            0 
            8           128           500             0             1          devx        149 17.168701            0 
            8           128           500             0             1          devx        150 17.867798            0 
            8           128           500             0             1          devx        151 18.794678            0 
            8           128           500             0             1          devx        152 17.713745            0 
            8           128           500             0             1          devx        153 18.706787            0 
            8           128           500             0             1          devx        154 17.847778            0 
            8           128           500             0             1          devx        155 17.749756            0 
            8           128           500             0             1          devx        156 17.910645            0 
            8           128           500             0             1          devx        157 18.369751            0 
            8           128           500             0             1          devx        158 18.364624            0 
            8           128           500             0             1          devx        159 19.004761            0 
            8           128           500             0             1          devx        160 18.963745            0 
            8           128           500             0             1          devx        161 18.241821            0 
            8           128           500             0             1          devx        162 18.021851            0 
            8           128           500             0             1          devx        163 17.770874            0 
            8           128           500             0             1          devx        164 17.884644            0 
            8           128           500             0             1          devx        165 18.777832            0 
            8           128           500             0             1          devx        166 18.704712            0 
            8           128           500             0             1          devx        167 18.736572            0 
            8           128           500             0             1          devx        168 18.940674            0 
            8           128           500             0             1          devx        169 18.942749            0 
            8           128           500             0             1          devx        170 17.843750            0 
            8           128           500             0             1          devx        171 19.086670            0 
            8           128           500             0             1          devx        172 17.737671            0 
            8           128           500             0             1          devx        173 18.989624            0 
            8           128           500             0             1          devx        174 17.915771            0 
            8           128           500             0             1          devx        175 17.906860            0 
            8           128           500             0             1          devx        176 18.339722            0 
            8           128           500             0             1          devx        177 18.802612            0 
            8           128           500             0             1          devx        178 17.846680            0 
            8           128           500             0             1          devx        179 18.666626            0 
            8           128           500             0             1          devx        180 17.764771            0 
            8           128           500             0             1          devx        181 18.775757            0 
            8           128           500             0             1          devx        182 18.813721            0 
            8           128           500             0             1          devx        183 18.275635            0 
            8           128           500             0             1          devx        184 17.899780            0 
            8           128           500             0             1          devx        185 19.012573            0 
            8           128           500             0             1          devx        186 18.142700            0 
            8           128           500             0             1          devx        187 17.027832            0 
            8           128           500             0             1          devx        188 17.789795            0 
            8           128           500             0             1          devx        189 17.914795            0 
            8           128           500             0             1          devx        190 18.632568            0 
            8           128           500             0             1          devx        191 17.494629            0 
            8           128           500             0             1          devx        192 19.000732            0 
            8           128           500             0             1          devx        193 19.042725            0 
            8           128           500             0             1          devx        194 17.878662            0 
            8           128           500             0             1          devx        195 17.775757            0 
            8           128           500             0             1          devx        196 17.778809            0 
            8           128           500             0             1          devx        197 17.847778            0 
            8           128           500             0             1          devx        198 18.362671            0 
            8           128           500             0             1          devx        199 18.591675            0 
            8           128           500             0             1          devx        200 18.732666            0 
            8           128           500             0             1          devx        201 17.882812            0 
            8           128           500             0             1          devx        202 17.964844            0 
            8           128           500             0             1          devx        203 17.716797            0 
            8           128           500             0             1          devx        204 17.965942            0 
            8           128           500             0             1          devx        205 18.706787            0 
            8           128           500             0             1          devx        206 18.687744            0 
            8           128           500             0             1          devx        207 18.626587            0 
            8           128           500             0             1          devx        208 17.785767            0 
            8           128           500             0             1          devx        209 18.913696            0 
            8           128           500             0             1          devx        210 18.064697            0 
            8           128           500             0             1          devx        211 18.032837            0 
            8           128           500             0             1          devx        212 18.622559            0 
            8           128           500             0             1          devx        213 18.811768            0 
            8           128           500             0             1          devx        214 18.452637            0 
            8           128           500             0             1          devx        215 18.789795            0 
            8           128           500             0             1          devx        216 18.877808            0 
            8           128           500             0             1          devx        217 18.658569            0 
            8           128           500             0             1          devx        218 18.669556            0 
            8           128           500             0             1          devx        219 18.378662            0 
            8           128           500             0             1          devx        220 17.756836            0 
            8           128           500             0             1          devx        221 17.185913            0 
            8           128           500             0             1          devx        222 18.865723            0 
            8           128           500             0             1          devx        223 17.812744            0 
            8           128           500             0             1          devx        224 18.587769            0 
            8           128           500             0             1          devx        225 18.850708            0 
            8           128           500             0             1          devx        226 18.107788            0 
            8           128           500             0             1          devx        227 17.812744            0 
            8           128           500             0             1          devx        228 18.669800            0 
            8           128           500             0             1          devx        229 18.448608            0 
            8           128           500             0             1          devx        230 17.115723            0 
            8           128           500             0             1          devx        231 18.620605            0 
            8           128           500             0             1          devx        232 18.862793            0 
            8           128           500             0             1          devx        233 18.189819            0 
            8           128           500             0             1          devx        234 17.904785            0 
            8           128           500             0             1          devx        235 17.753784            0 
            8           128           500             0             1          devx        236 17.749756            0 
            8           128           500             0             1          devx        237 18.316650            0 
            8           128           500             0             1          devx        238 18.776733            0 
            8           128           500             0             1          devx        239 18.395752            0 
            8           128           500             0             1          devx        240 18.807861            0 
            8           128           500             0             1          devx        241 17.042847            0 
            8           128           500             0             1          devx        242 17.236694            0 
            8           128           500             0             1          devx        243 17.781860            0 
            8           128           500             0             1          devx        244 17.681763            0 
            8           128           500             0             1          devx        245 18.395752            0 
            8           128           500             0             1          devx        246 18.716675            0 
            8           128           500             0             1          devx        247 18.769653            0 
            8           128           500             0             1          devx        248 18.911621            0 
            8           128           500             0             1          devx        249 18.810669            0 
            8           128           500             0             1          devx        250 18.496826            0 
            8           128           500             0             1          devx        251 17.702759            0 
            8           128           500             0             1          devx        252 17.850708            0 
            8           128           500             0             1          devx        253 18.416748            0 
            8           128           500             0             1          devx        254 18.847656            0 
            8           128           500             0             1          devx        255 18.814697            0 
            8           128           500             0             1          devx        256 17.886841            0 
            8           128           500             0             1          devx        257 18.897705            0 
            8           128           500             0             1          devx        258 17.344727            0 
            8           128           500             0             1          devx        259 17.793701            0 
            8           128           500             0             1          devx        260 18.057739            0 
            8           128           500             0             1          devx        261 17.892700            0 
            8           128           500             0             1          devx        262 18.970703            0 
            8           128           500             0             1          devx        263 18.674683            0 
            8           128           500             0             1          devx        264 18.120728            0 
            8           128           500             0             1          devx        265 18.399658            0 
            8           128           500             0             1          devx        266 18.762695            0 
            8           128           500             0             1          devx        267 18.016846            0 
            8           128           500             0             1          devx        268 18.657715            0 
            8           128           500             0             1          devx        269 18.662598            0 
            8           128           500             0             1          devx        270 17.172974            0 
            8           128           500             0             1          devx        271 18.359863            0 
            8           128           500             0             1          devx        272 17.836670            0 
            8           128           500             0             1          devx        273 18.845703            0 
            8           128           500             0             1          devx        274 18.836792            0 
            8           128           500             0             1          devx        275 18.221558            0 
            8           128           500             0             1          devx        276 18.031860            0 
            8           128           500             0             1          devx        277 18.658691            0 
            8           128           500             0             1          devx        278 18.043701            0 
            8           128           500             0             1          devx        279 17.223755            0 
            8           128           500             0             1          devx        280 17.151733            0 
            8           128           500             0             1          devx        281 19.058716            0 
            8           128           500             0             1          devx        282 17.993774            0 
            8           128           500             0             1          devx        283 19.138794            0 
            8           128           500             0             1          devx        284 17.979736            0 
            8           128           500             0             1          devx        285 17.304932            0 
            8           128           500             0             1          devx        286 18.885620            0 
            8           128           500             0             1          devx        287 18.844849            0 
            8           128           500             0             1          devx        288 18.029785            0 
            8           128           500             0             1          devx        289 18.209717            0 
            8           128           500             0             1          devx        290 17.789795            0 
            8           128           500             0             1          devx        291 17.049805            0 
            8           128           500             0             1          devx        292 18.507690            0 
            8           128           500             0             1          devx        293 18.609619            0 
            8           128           500             0             1          devx        294 17.248901            0 
            8           128           500             0             1          devx        295 18.171753            0 
            8           128           500             0             1          devx        296 18.672852            0 
            8           128           500             0             1          devx        297 18.490723            0 
            8           128           500             0             1          devx        298 17.960815            0 
            8           128           500             0             1          devx        299 19.119629            0 
            8           128           500             0             1          devx        300 18.127808            0 
            8           128           500             0             1          devx        301 18.136719            0 
            8           128           500             0             1          devx        302 18.953735            0 
            8           128           500             0             1          devx        303 18.913696            0 
            8           128           500             0             1          devx        304 18.870728            0 
            8           128           500             0             1          devx        305 19.136719            0 
            8           128           500             0             1          devx        306 17.832642            0 
            8           128           500             0             1          devx        307 18.597656            0 
            8           128           500             0             1          devx        308 17.837769            0 
            8           128           500             0             1          devx        309 17.760742            0 
            8           128           500             0             1          devx        310 18.032837            0 
            8           128           500             0             1          devx        311 18.681763            0 
            8           128           500             0             1          devx        312 18.736572            0 
            8           128           500             0             1          devx        313 18.609741            0 
            8           128           500             0             1          devx        314 18.029785            0 
            8           128           500             0             1          devx        315 18.815674            0 
            8           128           500             0             1          devx        316 18.037842            0 
            8           128           500             0             1          devx        317 18.716675            0 
            8           128           500             0             1          devx        318 18.954712            0 
            8           128           500             0             1          devx        319 18.564819            0 
            8           128           500             0             1          devx        320 18.402832            0 
            8           128           500             0             1          devx        321 18.756714            0 
            8           128           500             0             1          devx        322 18.181763            0 
            8           128           500             0             1          devx        323 18.019897            0 
            8           128           500             0             1          devx        324 17.320801            0 
            8           128           500             0             1          devx        325 18.713745            0 
            8           128           500             0             1          devx        326 18.986694            0 
            8           128           500             0             1          devx        327 18.292725            0 
            8           128           500             0             1          devx        328 18.708618            0 
            8           128           500             0             1          devx        329 19.117676            0 
            8           128           500             0             1          devx        330 17.830688            0 
            8           128           500             0             1          devx        331 18.660645            0 
            8           128           500             0             1          devx        332 17.732788            0 
            8           128           500             0             1          devx        333 18.915649            0 
            8           128           500             0             1          devx        334 18.672607            0 
            8           128           500             0             1          devx        335 18.263794            0 
            8           128           500             0             1          devx        336 18.980713            0 
            8           128           500             0             1          devx        337 19.108643            0 
            8           128           500             0             1          devx        338 18.018799            0 
            8           128           500             0             1          devx        339 17.248779            0 
            8           128           500             0             1          devx        340 18.909668            0 
            8           128           500             0             1          devx        341 19.091675            0 
            8           128           500             0             1          devx        342 17.824829            0 
            8           128           500             0             1          devx        343 19.051636            0 
            8           128           500             0             1          devx        344 17.097778            0 
            8           128           500             0             1          devx        345 18.544800            0 
            8           128           500             0             1          devx        346 17.943848            0 
            8           128           500             0             1          devx        347 17.788818            0 
            8           128           500             0             1          devx        348 17.740723            0 
            8           128           500             0             1          devx        349 18.149780            0 
            8           128           500             0             1          devx        350 18.610718            0 
            8           128           500             0             1          devx        351 18.093750            0 
            8           128           500             0             1          devx        352 18.758667            0 
            8           128           500             0             1          devx        353 19.056763            0 
            8           128           500             0             1          devx        354 17.823853            0 
            8           128           500             0             1          devx        355 17.921753            0 
            8           128           500             0             1          devx        356 18.067627            0 
            8           128           500             0             1          devx        357 18.462646            0 
            8           128           500             0             1          devx        358 18.803589            0 
            8           128           500             0             1          devx        359 18.853638            0 
            8           128           500             0             1          devx        360 17.558838            0 
            8           128           500             0             1          devx        361 18.296753            0 
            8           128           500             0             1          devx        362 17.764648            0 
            8           128           500             0             1          devx        363 17.820801            0 
            8           128           500             0             1          devx        364 17.692871            0 
            8           128           500             0             1          devx        365 17.827637            0 
            8           128           500             0             1          devx        366 18.280762            0 
            8           128           500             0             1          devx        367 19.598633            0 
            8           128           500             0             1          devx        368 18.148804            0 
            8           128           500             0             1          devx        369 19.103760            0 
            8           128           500             0             1          devx        370 17.914795            0 
            8           128           500             0             1          devx        371 18.013672            0 
            8           128           500             0             1          devx        372 17.970825            0 
            8           128           500             0             1          devx        373 17.868774            0 
            8           128           500             0             1          devx        374 18.844727            0 
            8           128           500             0             1          devx        375 18.976562            0 
            8           128           500             0             1          devx        376 18.074707            0 
            8           128           500             0             1          devx        377 18.656616            0 
            8           128           500             0             1          devx        378 17.967651            0 
            8           128           500             0             1          devx        379 18.754761            0 
            8           128           500             0             1          devx        380 17.806641            0 
            8           128           500             0             1          devx        381 18.392822            0 
            8           128           500             0             1          devx        382 18.774658            0 
            8           128           500             0             1          devx        383 27.970093            0 
            8           128           500             0             1          devx        384 17.131836            0 
            8           128           500             0             1          devx        385 18.786621            0 
            8           128           500             0             1          devx        386 17.776733            0 
            8           128           500             0             1          devx        387 17.922852            0 
            8           128           500             0             1          devx        388 17.811646            0 
            8           128           500             0             1          devx        389 17.840820            0 
            8           128           500             0             1          devx        390 18.300781            0 
            8           128           500             0             1          devx        391 18.883667            0 
            8           128           500             0             1          devx        392 18.655640            0 
            8           128           500             0             1          devx        393 17.164795            0 
            8           128           500             0             1          devx        394 17.848755            0 
            8           128           500             0             1          devx        395 18.614746            0 
            8           128           500             0             1          devx        396 17.752686            0 
            8           128           500             0             1          devx        397 17.136719            0 
            8           128           500             0             1          devx        398 18.187622            0 
            8           128           500             0             1          devx        399 18.122803            0 
            8           128           500             0             1          devx        400 17.661743            0 
            8           128           500             0             1          devx        401 18.545776            0 
            8           128           500             0             1          devx        402 18.022827            0 
            8           128           500             0             1          devx        403 19.064697            0 
            8           128           500             0             1          devx        404 18.738647            0 
            8           128           500             0             1          devx        405 18.752686            0 
            8           128           500             0             1          devx        406 19.017700            0 
            8           128           500             0             1          devx        407 18.548706            0 
            8           128           500             0             1          devx        408 18.734741            0 
            8           128           500             0             1          devx        409 18.376709            0 
            8           128           500             0             1          devx        410 18.031738            0 
            8           128           500             0             1          devx        411 17.804810            0 
            8           128           500             0             1          devx        412 18.018677            0 
            8           128           500             0             1          devx        413 18.671753            0 
            8           128           500             0             1          devx        414 18.344727            0 
            8           128           500             0             1          devx        415 18.880737            0 
            8           128           500             0             1          devx        416 18.356689            0 
            8           128           500             0             1          devx        417 17.213745            0 
            8           128           500             0             1          devx        418 18.799561            0 
            8           128           500             0             1          devx        419 17.723755            0 
            8           128           500             0             1          devx        420 17.198853            0 
            8           128           500             0             1          devx        421 18.836670            0 
            8           128           500             0             1          devx        422 18.874756            0 
            8           128           500             0             1          devx        423 18.977661            0 
            8           128           500             0             1          devx        424 18.698608            0 
            8           128           500             0             1          devx        425 19.050659            0 
            8           128           500             0             1          devx        426 18.789673            0 
            8           128           500             0             1          devx        427 17.890747            0 
            8           128           500             0             1          devx        428 18.016846            0 
            8           128           500             0             1          devx        429 19.120850            0 
            8           128           500             0             1          devx        430 17.915771            0 
            8           128           500             0             1          devx        431 18.645752            0 
            8           128           500             0             1          devx        432 17.665771            0 
            8           128           500             0             1          devx        433 18.260742            0 
            8           128           500             0             1          devx        434 17.888794            0 
            8           128           500             0             1          devx        435 18.791748            0 
            8           128           500             0             1          devx        436 18.018799            0 
            8           128           500             0             1          devx        437 18.296753            0 
            8           128           500             0             1          devx        438 18.739746            0 
            8           128           500             0             1          devx        439 18.387573            0 
            8           128           500             0             1          devx        440 18.920532            0 
            8           128           500             0             1          devx        441 19.029663            0 
            8           128           500             0             1          devx        442 17.866821            0 
            8           128           500             0             1          devx        443 18.046753            0 
            8           128           500             0             1          devx        444 17.768799            0 
            8           128           500             0             1          devx        445 17.183716            0 
            8           128           500             0             1          devx        446 19.079590            0 
            8           128           500             0             1          devx        447 18.040771            0 
            8           128           500             0             1          devx        448 18.484741            0 
            8           128           500             0             1          devx        449 18.809814            0 
            8           128           500             0             1          devx        450 18.134888            0 
            8           128           500             0             1          devx        451 17.736694            0 
            8           128           500             0             1          devx        452 17.837769            0 
            8           128           500             0             1          devx        453 18.953735            0 
            8           128           500             0             1          devx        454 17.802856            0 
            8           128           500             0             1          devx        455 18.703735            0 
            8           128           500             0             1          devx        456 18.317749            0 
            8           128           500             0             1          devx        457 18.858643            0 
            8           128           500             0             1          devx        458 17.788696            0 
            8           128           500             0             1          devx        459 18.245728            0 
            8           128           500             0             1          devx        460 17.894775            0 
            8           128           500             0             1          devx        461 18.906738            0 
            8           128           500             0             1          devx        462 18.304688            0 
            8           128           500             0             1          devx        463 17.361694            0 
            8           128           500             0             1          devx        464 17.710693            0 
            8           128           500             0             1          devx        465 17.072998            0 
            8           128           500             0             1          devx        466 17.829590            0 
            8           128           500             0             1          devx        467 17.717651            0 
            8           128           500             0             1          devx        468 18.000732            0 
            8           128           500             0             1          devx        469 18.793579            0 
            8           128           500             0             1          devx        470 17.156738            0 
            8           128           500             0             1          devx        471 18.457764            0 
            8           128           500             0             1          devx        472 18.619751            0 
            8           128           500             0             1          devx        473 19.026733            0 
            8           128           500             0             1          devx        474 18.714600            0 
            8           128           500             0             1          devx        475 17.742798            0 
            8           128           500             0             1          devx        476 18.020752            0 
            8           128           500             0             1          devx        477 18.697632            0 
            8           128           500             0             1          devx        478 18.879639            0 
            8           128           500             0             1          devx        479 18.955688            0 
            8           128           500             0             1          devx        480 18.996704            0 
            8           128           500             0             1          devx        481 18.552734            0 
            8           128           500             0             1          devx        482 17.263916            0 
            8           128           500             0             1          devx        483 18.740723            0 
            8           128           500             0             1          devx        484 17.804810            0 
            8           128           500             0             1          devx        485 18.057739            0 
            8           128           500             0             1          devx        486 18.687622            0 
            8           128           500             0             1          devx        487 18.599731            0 
            8           128           500             0             1          devx        488 17.091675            0 
            8           128           500             0             1          devx        489 18.834595            0 
            8           128           500             0             1          devx        490 18.038818            0 
            8           128           500             0             1          devx        491 18.042725            0 
            8           128           500             0             1          devx        492 17.822876            0 
            8           128           500             0             1          devx        493 18.780640            0 
            8           128           500             0             1          devx        494 18.390747            0 
            8           128           500             0             1          devx        495 17.904785            0 
            8           128           500             0             1          devx        496 18.335693            0 
            8           128           500             0             1          devx        497 19.141602            0 
            8           128           500             0             1          devx        498 17.905762            0 
            8           128           500             0             1          devx        499 17.918823            0 
# Runtime: 0.052939 s (overhead: 0.000000 %) 500 records
