# Execution time and date (UTC): Fri Aug  9 15:22:33 2024
# Execution time and date (local): Fri Aug  9 18:22:33 2024
# MPI execution on rank 0 with 2 processes in world
# Reported time measurements are in microseconds
# pretty output format
     msg_size  window_size         runs   recv_index    num_peers       id         time     overhead 
            8             1           500             0             1          0 14.291016            0 
            8             1           500             0             1          1 10.987061            0 
            8             1           500             0             1          2 10.959229            0 
            8             1           500             0             1          3 10.677368            0 
            8             1           500             0             1          4 10.623291            0 
            8             1           500             0             1          5 10.109497            0 
            8             1           500             0             1          6 10.704224            0 
            8             1           500             0             1          7 10.707397            0 
            8             1           500             0             1          8 9.858276            0 
            8             1           500             0             1          9 10.017212            0 
            8             1           500             0             1         10 9.773315            0 
            8             1           500             0             1         11 10.051392            0 
            8             1           500             0             1         12 10.117310            0 
            8             1           500             0             1         13 9.903198            0 
            8             1           500             0             1         14 9.882324            0 
            8             1           500             0             1         15 10.128296            0 
            8             1           500             0             1         16 10.033203            0 
            8             1           500             0             1         17 9.915283            0 
            8             1           500             0             1         18 9.889282            0 
            8             1           500             0             1         19 10.127319            0 
            8             1           500             0             1         20 10.128296            0 
            8             1           500             0             1         21 9.809448            0 
            8             1           500             0             1         22 9.945312            0 
            8             1           500             0             1         23 10.092407            0 
            8             1           500             0             1         24 10.003296            0 
            8             1           500             0             1         25 9.815430            0 
            8             1           500             0             1         26 9.808350            0 
            8             1           500             0             1         27 9.919434            0 
            8             1           500             0             1         28 9.996338            0 
            8             1           500             0             1         29 9.801514            0 
            8             1           500             0             1         30 9.935303            0 
            8             1           500             0             1         31 10.077271            0 
            8             1           500             0             1         32 9.883301            0 
            8             1           500             0             1         33 10.029175            0 
            8             1           500             0             1         34 10.086304            0 
            8             1           500             0             1         35 10.077393            0 
            8             1           500             0             1         36 10.035400            0 
            8             1           500             0             1         37 10.125244            0 
            8             1           500             0             1         38 9.871338            0 
            8             1           500             0             1         39 10.035278            0 
            8             1           500             0             1         40 9.870361            0 
            8             1           500             0             1         41 9.890381            0 
            8             1           500             0             1         42 9.905273            0 
            8             1           500             0             1         43 10.045166            0 
            8             1           500             0             1         44 10.131348            0 
            8             1           500             0             1         45 9.914185            0 
            8             1           500             0             1         46 9.892456            0 
            8             1           500             0             1         47 10.065308            0 
            8             1           500             0             1         48 9.806274            0 
            8             1           500             0             1         49 9.947266            0 
            8             1           500             0             1         50 10.018311            0 
            8             1           500             0             1         51 10.245361            0 
            8             1           500             0             1         52 9.866455            0 
            8             1           500             0             1         53 9.923218            0 
            8             1           500             0             1         54 9.704224            0 
            8             1           500             0             1         55 10.138428            0 
            8             1           500             0             1         56 9.938232            0 
            8             1           500             0             1         57 9.892334            0 
            8             1           500             0             1         58 9.885376            0 
            8             1           500             0             1         59 10.120239            0 
            8             1           500             0             1         60 10.121338            0 
            8             1           500             0             1         61 9.713379            0 
            8             1           500             0             1         62 9.688354            0 
            8             1           500             0             1         63 10.011230            0 
            8             1           500             0             1         64 10.129395           10 
            8             1           500             0             1         65 9.776367            0 
            8             1           500             0             1         66 9.755371            0 
            8             1           500             0             1         67 9.960205            0 
            8             1           500             0             1         68 9.881226            0 
            8             1           500             0             1         69 9.894287            0 
            8             1           500             0             1         70 9.909424            0 
            8             1           500             0             1         71 10.332153            0 
            8             1           500             0             1         72 9.909302            0 
            8             1           500             0             1         73 10.078369            0 
            8             1           500             0             1         74 9.845337            0 
            8             1           500             0             1         75 10.017334            0 
            8             1           500             0             1         76 10.030273            0 
            8             1           500             0             1         77 9.922363            0 
            8             1           500             0             1         78 9.901367            0 
            8             1           500             0             1         79 10.139282            0 
            8             1           500             0             1         80 9.856323            0 
            8             1           500             0             1         81 9.851440            0 
            8             1           500             0             1         82 9.854370            0 
            8             1           500             0             1         83 10.148315            0 
            8             1           500             0             1         84 9.896240            0 
            8             1           500             0             1         85 9.827393            0 
            8             1           500             0             1         86 9.819336            0 
            8             1           500             0             1         87 10.045288            0 
            8             1           500             0             1         88 9.865234            0 
            8             1           500             0             1         89 9.799316            0 
            8             1           500             0             1         90 9.796265            0 
            8             1           500             0             1         91 9.983398            0 
            8             1           500             0             1         92 10.017334            0 
            8             1           500             0             1         93 9.750244            0 
            8             1           500             0             1         94 9.768311            0 
            8             1           500             0             1         95 10.104248            0 
            8             1           500             0             1         96 9.855347            0 
            8             1           500             0             1         97 9.826294            0 
            8             1           500             0             1         98 9.825195            0 
            8             1           500             0             1         99 10.074341            0 
            8             1           500             0             1        100 10.001343            0 
            8             1           500             0             1        101 9.953369            0 
            8             1           500             0             1        102 10.195312            0 
            8             1           500             0             1        103 10.320312            0 
            8             1           500             0             1        104 9.873413            0 
            8             1           500             0             1        105 9.974365            0 
            8             1           500             0             1        106 10.166382            0 
            8             1           500             0             1        107 10.157227            0 
            8             1           500             0             1        108 10.066284            0 
            8             1           500             0             1        109 10.047363            0 
            8             1           500             0             1        110 10.033325            0 
            8             1           500             0             1        111 10.184326            0 
            8             1           500             0             1        112 10.155273            0 
            8             1           500             0             1        113 10.080322            0 
            8             1           500             0             1        114 10.037354            0 
            8             1           500             0             1        115 10.162354            0 
            8             1           500             0             1        116 9.564331            0 
            8             1           500             0             1        117 9.754395            0 
            8             1           500             0             1        118 9.820312            0 
            8             1           500             0             1        119 10.151367            0 
            8             1           500             0             1        120 9.853271            0 
            8             1           500             0             1        121 9.928467            0 
            8             1           500             0             1        122 9.805420            0 
            8             1           500             0             1        123 10.003418            0 
            8             1           500             0             1        124 9.676392            0 
            8             1           500             0             1        125 9.830322            0 
            8             1           500             0             1        126 9.790283            0 
            8             1           500             0             1        127 9.997314            0 
            8             1           500             0             1        128 10.055298            0 
            8             1           500             0             1        129 9.787231            0 
            8             1           500             0             1        130 10.058228            0 
            8             1           500             0             1        131 10.284180            0 
            8             1           500             0             1        132 9.889282            0 
            8             1           500             0             1        133 9.861206            0 
            8             1           500             0             1        134 9.809448            0 
            8             1           500             0             1        135 10.107300            0 
            8             1           500             0             1        136 9.676270            0 
            8             1           500             0             1        137 9.848267            0 
            8             1           500             0             1        138 9.821289            0 
            8             1           500             0             1        139 10.139282            0 
            8             1           500             0             1        140 9.633423            0 
            8             1           500             0             1        141 9.686279            0 
            8             1           500             0             1        142 9.603271            0 
            8             1           500             0             1        143 9.811401            0 
            8             1           500             0             1        144 9.861328            0 
            8             1           500             0             1        145 9.831299            0 
            8             1           500             0             1        146 9.906250            0 
            8             1           500             0             1        147 10.135254            0 
            8             1           500             0             1        148 10.157227            0 
            8             1           500             0             1        149 11.508301            0 
            8             1           500             0             1        150 9.809326            0 
            8             1           500             0             1        151 10.121338            0 
            8             1           500             0             1        152 9.927246            0 
            8             1           500             0             1        153 9.838379            0 
            8             1           500             0             1        154 9.750488            0 
            8             1           500             0             1        155 10.093384            0 
            8             1           500             0             1        156 10.043457            0 
            8             1           500             0             1        157 9.776245            0 
            8             1           500             0             1        158 9.799316            0 
            8             1           500             0             1        159 10.023315            0 
            8             1           500             0             1        160 9.927368            0 
            8             1           500             0             1        161 10.059326            0 
            8             1           500             0             1        162 9.991333            0 
            8             1           500             0             1        163 10.032349            0 
            8             1           500             0             1        164 10.178345            0 
            8             1           500             0             1        165 9.978394            0 
            8             1           500             0             1        166 10.125244            0 
            8             1           500             0             1        167 10.054199            0 
            8             1           500             0             1        168 9.728271            0 
            8             1           500             0             1        169 9.900146            0 
            8             1           500             0             1        170 9.873291            0 
            8             1           500             0             1        171 9.938477            0 
            8             1           500             0             1        172 10.043213            0 
            8             1           500             0             1        173 9.904297            0 
            8             1           500             0             1        174 9.982300            0 
            8             1           500             0             1        175 10.128296            0 
            8             1           500             0             1        176 9.964233            0 
            8             1           500             0             1        177 9.898315            0 
            8             1           500             0             1        178 9.867310            0 
            8             1           500             0             1        179 9.971313            0 
            8             1           500             0             1        180 9.707275            0 
            8             1           500             0             1        181 9.937378            0 
            8             1           500             0             1        182 9.874268            0 
            8             1           500             0             1        183 10.304199            0 
            8             1           500             0             1        184 9.821289            0 
            8             1           500             0             1        185 9.836304            0 
            8             1           500             0             1        186 9.787354            0 
            8             1           500             0             1        187 9.965210            0 
            8             1           500             0             1        188 9.669312            0 
            8             1           500             0             1        189 9.834351            0 
            8             1           500             0             1        190 9.752441            0 
            8             1           500             0             1        191 9.918335            0 
            8             1           500             0             1        192 10.076416            0 
            8             1           500             0             1        193 9.803467            0 
            8             1           500             0             1        194 9.932251            0 
            8             1           500             0             1        195 10.083130            0 
            8             1           500             0             1        196 9.925293            0 
            8             1           500             0             1        197 9.810303            0 
            8             1           500             0             1        198 9.908447            0 
            8             1           500             0             1        199 10.185303            0 
            8             1           500             0             1        200 9.810303            0 
            8             1           500             0             1        201 9.977295            0 
            8             1           500             0             1        202 9.842285            0 
            8             1           500             0             1        203 10.059448            0 
            8             1           500             0             1        204 10.073242            0 
            8             1           500             0             1        205 9.690308            0 
            8             1           500             0             1        206 9.691284            0 
            8             1           500             0             1        207 10.111206            0 
            8             1           500             0             1        208 9.954346            0 
            8             1           500             0             1        209 9.829346            0 
            8             1           500             0             1        210 9.803345            0 
            8             1           500             0             1        211 10.037354            0 
            8             1           500             0             1        212 9.939331            0 
            8             1           500             0             1        213 9.856323            0 
            8             1           500             0             1        214 9.895386            0 
            8             1           500             0             1        215 10.063232            0 
            8             1           500             0             1        216 9.677246            0 
            8             1           500             0             1        217 9.894287            0 
            8             1           500             0             1        218 9.873169            0 
            8             1           500             0             1        219 10.162354            0 
            8             1           500             0             1        220 9.959351            0 
            8             1           500             0             1        221 9.744263            0 
            8             1           500             0             1        222 9.885254            0 
            8             1           500             0             1        223 10.017456            0 
            8             1           500             0             1        224 9.898438            0 
            8             1           500             0             1        225 10.045288            0 
            8             1           500             0             1        226 9.729248            0 
            8             1           500             0             1        227 10.044434            0 
            8             1           500             0             1        228 9.916382            0 
            8             1           500             0             1        229 10.088257            0 
            8             1           500             0             1        230 10.005371            0 
            8             1           500             0             1        231 9.989258            0 
            8             1           500             0             1        232 9.861328            0 
            8             1           500             0             1        233 10.045410            0 
            8             1           500             0             1        234 9.875366            0 
            8             1           500             0             1        235 10.877319            0 
            8             1           500             0             1        236 9.967285            0 
            8             1           500             0             1        237 9.874268            0 
            8             1           500             0             1        238 9.898193            0 
            8             1           500             0             1        239 10.098267            0 
            8             1           500             0             1        240 10.021362            0 
            8             1           500             0             1        241 9.930298            0 
            8             1           500             0             1        242 9.931274            0 
            8             1           500             0             1        243 9.984253            0 
            8             1           500             0             1        244 10.069214            0 
            8             1           500             0             1        245 9.820312            0 
            8             1           500             0             1        246 9.837402            0 
            8             1           500             0             1        247 10.278198            0 
            8             1           500             0             1        248 9.959351            0 
            8             1           500             0             1        249 9.867310            0 
            8             1           500             0             1        250 9.816406            0 
            8             1           500             0             1        251 10.049316            0 
            8             1           500             0             1        252 9.771240            0 
            8             1           500             0             1        253 9.734253            0 
            8             1           500             0             1        254 9.827393            0 
            8             1           500             0             1        255 10.170410            0 
            8             1           500             0             1        256 10.290283            0 
            8             1           500             0             1        257 9.871338            0 
            8             1           500             0             1        258 9.723267            0 
            8             1           500             0             1        259 10.096313            0 
            8             1           500             0             1        260 9.789307            0 
            8             1           500             0             1        261 9.876343            0 
            8             1           500             0             1        262 9.831299            0 
            8             1           500             0             1        263 9.984253            0 
            8             1           500             0             1        264 9.935303            0 
            8             1           500             0             1        265 10.006226            0 
            8             1           500             0             1        266 9.822266            0 
            8             1           500             0             1        267 9.992310            0 
            8             1           500             0             1        268 10.008423            0 
            8             1           500             0             1        269 9.859375            0 
            8             1           500             0             1        270 9.935303            0 
            8             1           500             0             1        271 10.180420            0 
            8             1           500             0             1        272 10.012207            0 
            8             1           500             0             1        273 9.844360            0 
            8             1           500             0             1        274 9.885254            0 
            8             1           500             0             1        275 10.209229            0 
            8             1           500             0             1        276 10.052246            0 
            8             1           500             0             1        277 9.731201            0 
            8             1           500             0             1        278 9.759277            0 
            8             1           500             0             1        279 10.017212            0 
            8             1           500             0             1        280 9.985229            0 
            8             1           500             0             1        281 9.814331            0 
            8             1           500             0             1        282 9.914307            0 
            8             1           500             0             1        283 10.137329            0 
            8             1           500             0             1        284 9.992432            0 
            8             1           500             0             1        285 9.797363            0 
            8             1           500             0             1        286 9.793213            0 
            8             1           500             0             1        287 10.078369            0 
            8             1           500             0             1        288 9.870239            0 
            8             1           500             0             1        289 10.020264            0 
            8             1           500             0             1        290 9.918335            0 
            8             1           500             0             1        291 9.936279            0 
            8             1           500             0             1        292 9.830200            0 
            8             1           500             0             1        293 9.855347            0 
            8             1           500             0             1        294 9.859375            0 
            8             1           500             0             1        295 10.061279            0 
            8             1           500             0             1        296 9.934326            0 
            8             1           500             0             1        297 10.009277            0 
            8             1           500             0             1        298 9.847412            0 
            8             1           500             0             1        299 10.004272            0 
            8             1           500             0             1        300 10.067383            0 
            8             1           500             0             1        301 9.972290            0 
            8             1           500             0             1        302 9.954468            0 
            8             1           500             0             1        303 10.238159            0 
            8             1           500             0             1        304 10.104370            0 
            8             1           500             0             1        305 9.773315            0 
            8             1           500             0             1        306 9.763184            0 
            8             1           500             0             1        307 9.940308            0 
            8             1           500             0             1        308 9.775269            0 
            8             1           500             0             1        309 9.684204            0 
            8             1           500             0             1        310 9.771362            0 
            8             1           500             0             1        311 10.057373            0 
            8             1           500             0             1        312 9.884277            0 
            8             1           500             0             1        313 9.830322            0 
            8             1           500             0             1        314 9.838257            0 
            8             1           500             0             1        315 10.151245            0 
            8             1           500             0             1        316 9.839355            0 
            8             1           500             0             1        317 9.635376            0 
            8             1           500             0             1        318 10.020264            0 
            8             1           500             0             1        319 10.114258            0 
            8             1           500             0             1        320 9.912231            0 
            8             1           500             0             1        321 10.147339            0 
            8             1           500             0             1        322 10.090210            0 
            8             1           500             0             1        323 10.326294            0 
            8             1           500             0             1        324 9.934326            0 
            8             1           500             0             1        325 9.904297            0 
            8             1           500             0             1        326 9.885254            0 
            8             1           500             0             1        327 10.220215            0 
            8             1           500             0             1        328 10.000366            0 
            8             1           500             0             1        329 10.091187            0 
            8             1           500             0             1        330 9.962402            0 
            8             1           500             0             1        331 10.062378            0 
            8             1           500             0             1        332 9.789307            0 
            8             1           500             0             1        333 9.808350            0 
            8             1           500             0             1        334 9.776367            0 
            8             1           500             0             1        335 10.068359            0 
            8             1           500             0             1        336 10.035400            0 
            8             1           500             0             1        337 9.819458            0 
            8             1           500             0             1        338 9.956299            0 
            8             1           500             0             1        339 10.247314            0 
            8             1           500             0             1        340 9.834351            0 
            8             1           500             0             1        341 9.800415            0 
            8             1           500             0             1        342 9.769409            0 
            8             1           500             0             1        343 9.936401            0 
            8             1           500             0             1        344 9.713379            0 
            8             1           500             0             1        345 9.761353            0 
            8             1           500             0             1        346 9.810303            0 
            8             1           500             0             1        347 10.053223            0 
            8             1           500             0             1        348 9.990356            0 
            8             1           500             0             1        349 9.786255            0 
            8             1           500             0             1        350 9.785278            0 
            8             1           500             0             1        351 10.081299            0 
            8             1           500             0             1        352 9.779419            0 
            8             1           500             0             1        353 9.938232            0 
            8             1           500             0             1        354 9.988281            0 
            8             1           500             0             1        355 10.057373            0 
            8             1           500             0             1        356 9.968262            0 
            8             1           500             0             1        357 10.097412            0 
            8             1           500             0             1        358 9.928345            0 
            8             1           500             0             1        359 10.098267            0 
            8             1           500             0             1        360 9.829346            0 
            8             1           500             0             1        361 9.947266            0 
            8             1           500             0             1        362 9.818359            0 
            8             1           500             0             1        363 9.955200            0 
            8             1           500             0             1        364 10.087402            0 
            8             1           500             0             1        365 9.871460            0 
            8             1           500             0             1        366 9.958374            0 
            8             1           500             0             1        367 10.099365            0 
            8             1           500             0             1        368 9.985229            0 
            8             1           500             0             1        369 9.875244            0 
            8             1           500             0             1        370 9.817261            0 
            8             1           500             0             1        371 10.135376            0 
            8             1           500             0             1        372 9.719360            0 
            8             1           500             0             1        373 9.862183            0 
            8             1           500             0             1        374 9.899292            0 
            8             1           500             0             1        375 10.198242            0 
            8             1           500             0             1        376 9.864258            0 
            8             1           500             0             1        377 9.772339            0 
            8             1           500             0             1        378 9.764282            0 
            8             1           500             0             1        379 10.042236            0 
            8             1           500             0             1        380 9.718384            0 
            8             1           500             0             1        381 9.744385            0 
            8             1           500             0             1        382 9.798340            0 
            8             1           500             0             1        383 10.176392            0 
            8             1           500             0             1        384 10.121216            0 
            8             1           500             0             1        385 9.951416            0 
            8             1           500             0             1        386 9.764404            0 
            8             1           500             0             1        387 10.097168            0 
            8             1           500             0             1        388 9.886230            0 
            8             1           500             0             1        389 9.702393            0 
            8             1           500             0             1        390 9.936401            0 
            8             1           500             0             1        391 10.175171            0 
            8             1           500             0             1        392 9.983398            0 
            8             1           500             0             1        393 9.892456            0 
            8             1           500             0             1        394 9.906250            0 
            8             1           500             0             1        395 9.958496            0 
            8             1           500             0             1        396 10.007324            0 
            8             1           500             0             1        397 9.815308            0 
            8             1           500             0             1        398 9.860229            0 
            8             1           500             0             1        399 10.112305            0 
            8             1           500             0             1        400 9.792236            0 
            8             1           500             0             1        401 9.903442            0 
            8             1           500             0             1        402 9.834351            0 
            8             1           500             0             1        403 10.123291            0 
            8             1           500             0             1        404 9.949341            0 
            8             1           500             0             1        405 9.892212            0 
            8             1           500             0             1        406 9.807373            0 
            8             1           500             0             1        407 10.105347            0 
            8             1           500             0             1        408 9.793335            0 
            8             1           500             0             1        409 9.792358            0 
            8             1           500             0             1        410 9.754395            0 
            8             1           500             0             1        411 10.145386            0 
            8             1           500             0             1        412 10.068237            0 
            8             1           500             0             1        413 9.805298            0 
            8             1           500             0             1        414 9.875244            0 
            8             1           500             0             1        415 10.158325            0 
            8             1           500             0             1        416 9.790161            0 
            8             1           500             0             1        417 9.808228            0 
            8             1           500             0             1        418 9.807251            0 
            8             1           500             0             1        419 10.043335            0 
            8             1           500             0             1        420 9.655518            0 
            8             1           500             0             1        421 9.985352            0 
            8             1           500             0             1        422 9.935303            0 
            8             1           500             0             1        423 10.061279            0 
            8             1           500             0             1        424 9.842285            0 
            8             1           500             0             1        425 9.948242            0 
            8             1           500             0             1        426 9.889282            0 
            8             1           500             0             1        427 9.928467            0 
            8             1           500             0             1        428 10.050293            0 
            8             1           500             0             1        429 9.884399            0 
            8             1           500             0             1        430 9.873413            0 
            8             1           500             0             1        431 10.122192            0 
            8             1           500             0             1        432 9.796265            0 
            8             1           500             0             1        433 9.905151            0 
            8             1           500             0             1        434 9.909302            0 
            8             1           500             0             1        435 10.313354            0 
            8             1           500             0             1        436 9.769287            0 
            8             1           500             0             1        437 9.885376            0 
            8             1           500             0             1        438 9.794434            0 
            8             1           500             0             1        439 10.134399            0 
            8             1           500             0             1        440 9.758301            0 
            8             1           500             0             1        441 9.990356            0 
            8             1           500             0             1        442 9.874390            0 
            8             1           500             0             1        443 10.103394            0 
            8             1           500             0             1        444 9.976318            0 
            8             1           500             0             1        445 9.718262            0 
            8             1           500             0             1        446 9.730347            0 
            8             1           500             0             1        447 10.164307            0 
            8             1           500             0             1        448 9.885498            0 
            8             1           500             0             1        449 9.766235            0 
            8             1           500             0             1        450 10.030396            0 
            8             1           500             0             1        451 10.191284            0 
            8             1           500             0             1        452 9.818359            0 
            8             1           500             0             1        453 9.860229            0 
            8             1           500             0             1        454 9.699219            0 
            8             1           500             0             1        455 10.092407            0 
            8             1           500             0             1        456 9.845337            0 
            8             1           500             0             1        457 9.935303            0 
            8             1           500             0             1        458 9.979248            0 
            8             1           500             0             1        459 10.232178            0 
            8             1           500             0             1        460 9.884277            0 
            8             1           500             0             1        461 9.788208            0 
            8             1           500             0             1        462 9.839355            0 
            8             1           500             0             1        463 10.103271            0 
            8             1           500             0             1        464 10.059326            0 
            8             1           500             0             1        465 9.885376            0 
            8             1           500             0             1        466 9.866333            0 
            8             1           500             0             1        467 10.090210            0 
            8             1           500             0             1        468 9.985229            0 
            8             1           500             0             1        469 9.883179            0 
            8             1           500             0             1        470 9.807251            0 
            8             1           500             0             1        471 9.948242            0 
            8             1           500             0             1        472 9.915283            0 
            8             1           500             0             1        473 9.931274            0 
            8             1           500             0             1        474 9.855469            0 
            8             1           500             0             1        475 10.058228            0 
            8             1           500             0             1        476 10.009277            0 
            8             1           500             0             1        477 9.817261            0 
            8             1           500             0             1        478 9.792236            0 
            8             1           500             0             1        479 9.984375            0 
            8             1           500             0             1        480 9.938354            0 
            8             1           500             0             1        481 9.795288            0 
            8             1           500             0             1        482 9.815430            0 
            8             1           500             0             1        483 10.033325            0 
            8             1           500             0             1        484 9.933350            0 
            8             1           500             0             1        485 10.042236            0 
            8             1           500             0             1        486 10.054199            0 
            8             1           500             0             1        487 10.046143            0 
            8             1           500             0             1        488 9.841431            0 
            8             1           500             0             1        489 9.946289            0 
            8             1           500             0             1        490 10.012329            0 
            8             1           500             0             1        491 10.194336            0 
            8             1           500             0             1        492 11.510254            0 
            8             1           500             0             1        493 9.808350            0 
            8             1           500             0             1        494 9.918335            0 
            8             1           500             0             1        495 10.078369            0 
            8             1           500             0             1        496 9.898315            0 
            8             1           500             0             1        497 9.898315            0 
            8             1           500             0             1        498 9.887207            0 
            8             1           500             0             1        499 9.954346            0 
# Runtime: 0.054909 s (overhead: 0.018212 %) 500 records
