# Execution time and date (UTC): Fri Aug  9 15:27:49 2024
# Execution time and date (local): Fri Aug  9 18:27:49 2024
# MPI execution on rank 0 with 2 processes in world
# Reported time measurements are in microseconds
# pretty output format
     msg_size  window_size         runs   recv_index    num_peers       id         time     overhead 
            8           128           500             0             1          0 30.729004            0 
            8           128           500             0             1          1 26.627197            0 
            8           128           500             0             1          2 27.066040            0 
            8           128           500             0             1          3 27.427124            0 
            8           128           500             0             1          4 26.281372            0 
            8           128           500             0             1          5 26.931152            0 
            8           128           500             0             1          6 26.270386            0 
            8           128           500             0             1          7 26.328125            0 
            8           128           500             0             1          8 26.869263            0 
            8           128           500             0             1          9 26.422119            0 
            8           128           500             0             1         10 26.793091            0 
            8           128           500             0             1         11 26.782104            0 
            8           128           500             0             1         12 26.925171            0 
            8           128           500             0             1         13 27.249268            0 
            8           128           500             0             1         14 27.402222            0 
            8           128           500             0             1         15 26.379150            0 
            8           128           500             0             1         16 26.987183            0 
            8           128           500             0             1         17 26.510254            0 
            8           128           500             0             1         18 26.666138            0 
            8           128           500             0             1         19 26.350220            0 
            8           128           500             0             1         20 26.720215            0 
            8           128           500             0             1         21 26.343140            0 
            8           128           500             0             1         22 26.996094            0 
            8           128           500             0             1         23 25.951050            0 
            8           128           500             0             1         24 26.698120            0 
            8           128           500             0             1         25 26.771240            0 
            8           128           500             0             1         26 26.182251            0 
            8           128           500             0             1         27 26.791138            0 
            8           128           500             0             1         28 26.854126            0 
            8           128           500             0             1         29 26.472290            0 
            8           128           500             0             1         30 26.476196            0 
            8           128           500             0             1         31 26.068115            0 
            8           128           500             0             1         32 26.750000            0 
            8           128           500             0             1         33 26.558228            0 
            8           128           500             0             1         34 26.533203            0 
            8           128           500             0             1         35 27.239014            0 
            8           128           500             0             1         36 26.668213            0 
            8           128           500             0             1         37 27.424194            0 
            8           128           500             0             1         38 26.862183            0 
            8           128           500             0             1         39 26.373169            0 
            8           128           500             0             1         40 26.811279            0 
            8           128           500             0             1         41 26.670166            0 
            8           128           500             0             1         42 26.649170            0 
            8           128           500             0             1         43 26.510254            0 
            8           128           500             0             1         44 27.951050            0 
            8           128           500             0             1         45 26.714111            0 
            8           128           500             0             1         46 26.874023            0 
            8           128           500             0             1         47 27.014282            0 
            8           128           500             0             1         48 26.686157            0 
            8           128           500             0             1         49 26.429321            0 
            8           128           500             0             1         50 26.843262            0 
            8           128           500             0             1         51 26.264282            0 
            8           128           500             0             1         52 26.970215            0 
            8           128           500             0             1         53 26.587158            0 
            8           128           500             0             1         54 27.532104            0 
            8           128           500             0             1         55 26.601196            0 
            8           128           500             0             1         56 26.455200            0 
            8           128           500             0             1         57 26.676147            0 
            8           128           500             0             1         58 25.934204            0 
            8           128           500             0             1         59 27.291138            0 
            8           128           500             0             1         60 27.204224            0 
            8           128           500             0             1         61 26.170288            0 
            8           128           500             0             1         62 26.378296            0 
            8           128           500             0             1         63 26.224243            0 
            8           128           500             0             1         64 27.109009            0 
            8           128           500             0             1         65 26.775024            0 
            8           128           500             0             1         66 26.276123            0 
            8           128           500             0             1         67 26.311157            0 
            8           128           500             0             1         68 26.453247            0 
            8           128           500             0             1         69 26.286133            0 
            8           128           500             0             1         70 26.373169            0 
            8           128           500             0             1         71 26.671021            0 
            8           128           500             0             1         72 27.083252            0 
            8           128           500             0             1         73 26.296265            0 
            8           128           500             0             1         74 26.298096            0 
            8           128           500             0             1         75 27.393066            0 
            8           128           500             0             1         76 26.606201            0 
            8           128           500             0             1         77 26.083252            0 
            8           128           500             0             1         78 26.348267            0 
            8           128           500             0             1         79 26.339111            0 
            8           128           500             0             1         80 26.878174            0 
            8           128           500             0             1         81 27.125122            0 
            8           128           500             0             1         82 26.630127            0 
            8           128           500             0             1         83 26.579102            0 
            8           128           500             0             1         84 26.697144            0 
            8           128           500             0             1         85 26.580200            0 
            8           128           500             0             1         86 26.802124            0 
            8           128           500             0             1         87 26.706299            0 
            8           128           500             0             1         88 26.779053            0 
            8           128           500             0             1         89 26.681274            0 
            8           128           500             0             1         90 26.833130            0 
            8           128           500             0             1         91 27.645996            0 
            8           128           500             0             1         92 26.650269            0 
            8           128           500             0             1         93 28.567017            0 
            8           128           500             0             1         94 26.696167            0 
            8           128           500             0             1         95 26.533203            0 
            8           128           500             0             1         96 26.648315            0 
            8           128           500             0             1         97 26.335205            0 
            8           128           500             0             1         98 26.594116            0 
            8           128           500             0             1         99 26.533081            0 
            8           128           500             0             1        100 26.931274            0 
            8           128           500             0             1        101 26.014160            0 
            8           128           500             0             1        102 26.552124            0 
            8           128           500             0             1        103 26.907227            0 
            8           128           500             0             1        104 27.152100            0 
            8           128           500             0             1        105 27.468140            0 
            8           128           500             0             1        106 26.893188            0 
            8           128           500             0             1        107 26.115234            0 
            8           128           500             0             1        108 27.131226            0 
            8           128           500             0             1        109 26.528198            0 
            8           128           500             0             1        110 26.840088            0 
            8           128           500             0             1        111 26.433228            0 
            8           128           500             0             1        112 26.381104            0 
            8           128           500             0             1        113 26.000122            0 
            8           128           500             0             1        114 26.491211            0 
            8           128           500             0             1        115 26.959106            0 
            8           128           500             0             1        116 25.939331            0 
            8           128           500             0             1        117 26.396118            0 
            8           128           500             0             1        118 26.303223            0 
            8           128           500             0             1        119 26.240112            0 
            8           128           500             0             1        120 26.850220            0 
            8           128           500             0             1        121 26.608154            0 
            8           128           500             0             1        122 26.992188            0 
            8           128           500             0             1        123 26.327271            0 
            8           128           500             0             1        124 26.404297            0 
            8           128           500             0             1        125 27.080200            0 
            8           128           500             0             1        126 25.765259            0 
            8           128           500             0             1        127 26.718140            0 
            8           128           500             0             1        128 26.868286            0 
            8           128           500             0             1        129 26.645020            0 
            8           128           500             0             1        130 26.535278            0 
            8           128           500             0             1        131 26.825195            0 
            8           128           500             0             1        132 26.290283            0 
            8           128           500             0             1        133 27.015259            0 
            8           128           500             0             1        134 26.862305            0 
            8           128           500             0             1        135 26.330200            0 
            8           128           500             0             1        136 26.575195            0 
            8           128           500             0             1        137 26.200195            0 
            8           128           500             0             1        138 26.562134            0 
            8           128           500             0             1        139 27.206055            0 
            8           128           500             0             1        140 26.649170            0 
            8           128           500             0             1        141 27.826172            0 
            8           128           500             0             1        142 26.616211            0 
            8           128           500             0             1        143 26.694092            0 
            8           128           500             0             1        144 26.394287            0 
            8           128           500             0             1        145 26.572266            0 
            8           128           500             0             1        146 26.721191            0 
            8           128           500             0             1        147 26.367188            0 
            8           128           500             0             1        148 26.826172            0 
            8           128           500             0             1        149 26.951172            0 
            8           128           500             0             1        150 26.795166            0 
            8           128           500             0             1        151 26.619141            0 
            8           128           500             0             1        152 26.723267            0 
            8           128           500             0             1        153 26.439209            0 
            8           128           500             0             1        154 27.035156            0 
            8           128           500             0             1        155 26.657104            0 
            8           128           500             0             1        156 26.796143            0 
            8           128           500             0             1        157 26.513062            0 
            8           128           500             0             1        158 26.516113            0 
            8           128           500             0             1        159 26.708130            0 
            8           128           500             0             1        160 26.199341            0 
            8           128           500             0             1        161 26.782227            0 
            8           128           500             0             1        162 26.696167            0 
            8           128           500             0             1        163 26.552246            0 
            8           128           500             0             1        164 26.620239            0 
            8           128           500             0             1        165 26.445190            0 
            8           128           500             0             1        166 26.743164            0 
            8           128           500             0             1        167 26.229126            0 
            8           128           500             0             1        168 26.544189            0 
            8           128           500             0             1        169 26.723145            0 
            8           128           500             0             1        170 27.147095            0 
            8           128           500             0             1        171 26.651123            0 
            8           128           500             0             1        172 26.650269            0 
            8           128           500             0             1        173 27.155151            0 
            8           128           500             0             1        174 26.962158            0 
            8           128           500             0             1        175 26.684204            0 
            8           128           500             0             1        176 26.471191            0 
            8           128           500             0             1        177 26.102295            0 
            8           128           500             0             1        178 26.192139            0 
            8           128           500             0             1        179 26.274292            0 
            8           128           500             0             1        180 26.402222            0 
            8           128           500             0             1        181 26.809204            0 
            8           128           500             0             1        182 26.846069            0 
            8           128           500             0             1        183 26.770142            0 
            8           128           500             0             1        184 26.802124            0 
            8           128           500             0             1        185 27.020020            0 
            8           128           500             0             1        186 27.418091            0 
            8           128           500             0             1        187 26.963135            0 
            8           128           500             0             1        188 26.445312            0 
            8           128           500             0             1        189 26.514160            0 
            8           128           500             0             1        190 26.806152            0 
            8           128           500             0             1        191 26.557251            0 
            8           128           500             0             1        192 26.737183            0 
            8           128           500             0             1        193 26.529175            0 
            8           128           500             0             1        194 27.019287            0 
            8           128           500             0             1        195 26.507202            0 
            8           128           500             0             1        196 26.176147            0 
            8           128           500             0             1        197 26.618164            0 
            8           128           500             0             1        198 26.598145            0 
            8           128           500             0             1        199 26.804199            0 
            8           128           500             0             1        200 27.179077            0 
            8           128           500             0             1        201 26.557129            0 
            8           128           500             0             1        202 26.705322            0 
            8           128           500             0             1        203 26.713257            0 
            8           128           500             0             1        204 26.738159            0 
            8           128           500             0             1        205 26.984253            0 
            8           128           500             0             1        206 27.532227            0 
            8           128           500             0             1        207 26.753052            0 
            8           128           500             0             1        208 26.918091            0 
            8           128           500             0             1        209 26.739136            0 
            8           128           500             0             1        210 27.164185            0 
            8           128           500             0             1        211 26.688232            0 
            8           128           500             0             1        212 25.829224            0 
            8           128           500             0             1        213 26.343262            0 
            8           128           500             0             1        214 26.617188            0 
            8           128           500             0             1        215 26.625244            0 
            8           128           500             0             1        216 26.457275            0 
            8           128           500             0             1        217 26.622192            0 
            8           128           500             0             1        218 26.520142            0 
            8           128           500             0             1        219 27.125122            0 
            8           128           500             0             1        220 26.325195            0 
            8           128           500             0             1        221 27.167114            0 
            8           128           500             0             1        222 27.421997            0 
            8           128           500             0             1        223 26.920166            0 
            8           128           500             0             1        224 26.810059            0 
            8           128           500             0             1        225 27.171265            0 
            8           128           500             0             1        226 27.762207            0 
            8           128           500             0             1        227 27.016113            0 
            8           128           500             0             1        228 26.699097            0 
            8           128           500             0             1        229 26.484131            0 
            8           128           500             0             1        230 26.833130            0 
            8           128           500             0             1        231 26.838135            0 
            8           128           500             0             1        232 26.800171            0 
            8           128           500             0             1        233 26.529297            0 
            8           128           500             0             1        234 27.329102            0 
            8           128           500             0             1        235 27.554199            0 
            8           128           500             0             1        236 26.719116            0 
            8           128           500             0             1        237 27.315186            0 
            8           128           500             0             1        238 26.601196            0 
            8           128           500             0             1        239 26.906128            0 
            8           128           500             0             1        240 26.470337            0 
            8           128           500             0             1        241 26.412231            0 
            8           128           500             0             1        242 26.516357            0 
            8           128           500             0             1        243 26.437256            0 
            8           128           500             0             1        244 27.088257            0 
            8           128           500             0             1        245 26.756226            0 
            8           128           500             0             1        246 27.057007            0 
            8           128           500             0             1        247 26.466187            0 
            8           128           500             0             1        248 26.949097            0 
            8           128           500             0             1        249 26.852173            0 
            8           128           500             0             1        250 26.786255            0 
            8           128           500             0             1        251 26.472168            0 
            8           128           500             0             1        252 26.520142            0 
            8           128           500             0             1        253 27.511108            0 
            8           128           500             0             1        254 26.511230            0 
            8           128           500             0             1        255 26.579224            0 
            8           128           500             0             1        256 26.890259            3 
            8           128           500             0             1        257 26.164307            0 
            8           128           500             0             1        258 31.149780            0 
            8           128           500             0             1        259 26.523315            0 
            8           128           500             0             1        260 27.169189            0 
            8           128           500             0             1        261 27.144165            0 
            8           128           500             0             1        262 25.967163            0 
            8           128           500             0             1        263 26.807251            0 
            8           128           500             0             1        264 26.991211            0 
            8           128           500             0             1        265 26.674194            0 
            8           128           500             0             1        266 26.320190            0 
            8           128           500             0             1        267 26.611084            0 
            8           128           500             0             1        268 26.995117            0 
            8           128           500             0             1        269 26.752197            0 
            8           128           500             0             1        270 26.766113            0 
            8           128           500             0             1        271 26.667236            0 
            8           128           500             0             1        272 26.561279            0 
            8           128           500             0             1        273 26.798218            0 
            8           128           500             0             1        274 26.974121            0 
            8           128           500             0             1        275 26.947266            0 
            8           128           500             0             1        276 26.974243            0 
            8           128           500             0             1        277 27.971069            0 
            8           128           500             0             1        278 27.292236            0 
            8           128           500             0             1        279 26.889160            0 
            8           128           500             0             1        280 26.684204            0 
            8           128           500             0             1        281 26.272095            0 
            8           128           500             0             1        282 26.683228            0 
            8           128           500             0             1        283 27.330200            0 
            8           128           500             0             1        284 26.436157            0 
            8           128           500             0             1        285 26.125122            0 
            8           128           500             0             1        286 26.709229            0 
            8           128           500             0             1        287 26.379150            0 
            8           128           500             0             1        288 26.733154            0 
            8           128           500             0             1        289 26.482300            0 
            8           128           500             0             1        290 27.132202            0 
            8           128           500             0             1        291 26.916138            0 
            8           128           500             0             1        292 26.787231            0 
            8           128           500             0             1        293 26.825073            0 
            8           128           500             0             1        294 26.910156            0 
            8           128           500             0             1        295 26.709106            0 
            8           128           500             0             1        296 26.683228            0 
            8           128           500             0             1        297 26.221313            0 
            8           128           500             0             1        298 26.825195            0 
            8           128           500             0             1        299 26.613159            0 
            8           128           500             0             1        300 27.204224            0 
            8           128           500             0             1        301 26.350220            0 
            8           128           500             0             1        302 26.836182            0 
            8           128           500             0             1        303 26.188232            0 
            8           128           500             0             1        304 26.949097            0 
            8           128           500             0             1        305 26.320190            0 
            8           128           500             0             1        306 26.495117            0 
            8           128           500             0             1        307 26.534180            0 
            8           128           500             0             1        308 26.691040            0 
            8           128           500             0             1        309 27.307983            0 
            8           128           500             0             1        310 25.761353            0 
            8           128           500             0             1        311 26.988037            0 
            8           128           500             0             1        312 26.629150            0 
            8           128           500             0             1        313 26.787109            0 
            8           128           500             0             1        314 26.854980            0 
            8           128           500             0             1        315 27.548096            0 
            8           128           500             0             1        316 26.595215            0 
            8           128           500             0             1        317 27.341064            0 
            8           128           500             0             1        318 27.052124            0 
            8           128           500             0             1        319 26.299194            0 
            8           128           500             0             1        320 28.474976            0 
            8           128           500             0             1        321 26.576172            0 
            8           128           500             0             1        322 26.287231            0 
            8           128           500             0             1        323 26.926025            0 
            8           128           500             0             1        324 27.433228            0 
            8           128           500             0             1        325 26.943115            0 
            8           128           500             0             1        326 27.103149            0 
            8           128           500             0             1        327 26.446167            0 
            8           128           500             0             1        328 26.547119            0 
            8           128           500             0             1        329 26.743164            0 
            8           128           500             0             1        330 27.085083            0 
            8           128           500             0             1        331 26.355225            0 
            8           128           500             0             1        332 26.663208            0 
            8           128           500             0             1        333 26.468262            0 
            8           128           500             0             1        334 26.382202            0 
            8           128           500             0             1        335 27.081177            0 
            8           128           500             0             1        336 26.555176            0 
            8           128           500             0             1        337 26.253174            0 
            8           128           500             0             1        338 26.691284            0 
            8           128           500             0             1        339 26.971191            0 
            8           128           500             0             1        340 26.640137            0 
            8           128           500             0             1        341 26.978149            0 
            8           128           500             0             1        342 27.439087            0 
            8           128           500             0             1        343 26.738159            0 
            8           128           500             0             1        344 26.893066            0 
            8           128           500             0             1        345 26.778076            0 
            8           128           500             0             1        346 26.716064            0 
            8           128           500             0             1        347 26.971191            0 
            8           128           500             0             1        348 26.348267            0 
            8           128           500             0             1        349 26.984131            0 
            8           128           500             0             1        350 27.250122            0 
            8           128           500             0             1        351 26.463257            0 
            8           128           500             0             1        352 27.138062            0 
            8           128           500             0             1        353 26.745117            0 
            8           128           500             0             1        354 26.772095            0 
            8           128           500             0             1        355 26.745239            0 
            8           128           500             0             1        356 26.480103            0 
            8           128           500             0             1        357 26.744263            0 
            8           128           500             0             1        358 26.783081            0 
            8           128           500             0             1        359 26.764038            0 
            8           128           500             0             1        360 26.658203            0 
            8           128           500             0             1        361 25.826172            0 
            8           128           500             0             1        362 26.859131            0 
            8           128           500             0             1        363 26.502197            0 
            8           128           500             0             1        364 27.072144            0 
            8           128           500             0             1        365 27.059204            0 
            8           128           500             0             1        366 26.685181            0 
            8           128           500             0             1        367 26.567139            0 
            8           128           500             0             1        368 26.808105            0 
            8           128           500             0             1        369 27.083130            0 
            8           128           500             0             1        370 26.719116            0 
            8           128           500             0             1        371 26.753174            0 
            8           128           500             0             1        372 26.192139            0 
            8           128           500             0             1        373 27.148071            0 
            8           128           500             0             1        374 26.731201            0 
            8           128           500             0             1        375 27.301025            0 
            8           128           500             0             1        376 26.844116            0 
            8           128           500             0             1        377 27.014160            0 
            8           128           500             0             1        378 27.058105            0 
            8           128           500             0             1        379 26.946167            0 
            8           128           500             0             1        380 27.053101            0 
            8           128           500             0             1        381 26.426147            0 
            8           128           500             0             1        382 27.016113            0 
            8           128           500             0             1        383 26.556152            0 
            8           128           500             0             1        384 32.489746            0 
            8           128           500             0             1        385 26.615234            0 
            8           128           500             0             1        386 26.716064            0 
            8           128           500             0             1        387 26.899170            0 
            8           128           500             0             1        388 26.633301            0 
            8           128           500             0             1        389 26.849243            0 
            8           128           500             0             1        390 26.708130            0 
            8           128           500             0             1        391 26.958252            0 
            8           128           500             0             1        392 26.741211            0 
            8           128           500             0             1        393 26.525146            0 
            8           128           500             0             1        394 26.452148            0 
            8           128           500             0             1        395 26.496216            0 
            8           128           500             0             1        396 26.587158            0 
            8           128           500             0             1        397 27.555054            0 
            8           128           500             0             1        398 27.040283            0 
            8           128           500             0             1        399 26.641235            0 
            8           128           500             0             1        400 26.618286            0 
            8           128           500             0             1        401 26.536133            0 
            8           128           500             0             1        402 27.176147            0 
            8           128           500             0             1        403 26.882080            0 
            8           128           500             0             1        404 26.811157            0 
            8           128           500             0             1        405 26.869263            0 
            8           128           500             0             1        406 27.083130            0 
            8           128           500             0             1        407 26.685059            0 
            8           128           500             0             1        408 26.550049            0 
            8           128           500             0             1        409 26.584229            0 
            8           128           500             0             1        410 26.550293            0 
            8           128           500             0             1        411 26.769165            0 
            8           128           500             0             1        412 26.913208            0 
            8           128           500             0             1        413 26.223145            0 
            8           128           500             0             1        414 26.844238            0 
            8           128           500             0             1        415 26.168091            0 
            8           128           500             0             1        416 26.896118            0 
            8           128           500             0             1        417 26.027222            0 
            8           128           500             0             1        418 27.246216            0 
            8           128           500             0             1        419 26.659302            0 
            8           128           500             0             1        420 26.733154            0 
            8           128           500             0             1        421 26.655273            0 
            8           128           500             0             1        422 27.113159            0 
            8           128           500             0             1        423 26.773193            0 
            8           128           500             0             1        424 26.554077            0 
            8           128           500             0             1        425 26.464355            0 
            8           128           500             0             1        426 26.732056            0 
            8           128           500             0             1        427 26.756348            0 
            8           128           500             0             1        428 26.436279            0 
            8           128           500             0             1        429 26.858154            0 
            8           128           500             0             1        430 27.607178            0 
            8           128           500             0             1        431 26.832153            0 
            8           128           500             0             1        432 26.681274            0 
            8           128           500             0             1        433 26.535156            0 
            8           128           500             0             1        434 26.479248            0 
            8           128           500             0             1        435 26.701294            0 
            8           128           500             0             1        436 26.513184            0 
            8           128           500             0             1        437 26.982178            0 
            8           128           500             0             1        438 26.643311            0 
            8           128           500             0             1        439 26.368164            0 
            8           128           500             0             1        440 26.274170            0 
            8           128           500             0             1        441 26.110229            0 
            8           128           500             0             1        442 26.737183            0 
            8           128           500             0             1        443 26.545166            0 
            8           128           500             0             1        444 26.847168            0 
            8           128           500             0             1        445 26.714233            0 
            8           128           500             0             1        446 26.630249            0 
            8           128           500             0             1        447 25.921265            0 
            8           128           500             0             1        448 27.020142            0 
            8           128           500             0             1        449 26.780151            0 
            8           128           500             0             1        450 27.356201            0 
            8           128           500             0             1        451 26.517212            0 
            8           128           500             0             1        452 26.512207            0 
            8           128           500             0             1        453 26.365112            0 
            8           128           500             0             1        454 27.121094            0 
            8           128           500             0             1        455 27.284180            0 
            8           128           500             0             1        456 26.572266            0 
            8           128           500             0             1        457 26.667236            0 
            8           128           500             0             1        458 26.476196            0 
            8           128           500             0             1        459 26.688232            0 
            8           128           500             0             1        460 26.692139            0 
            8           128           500             0             1        461 26.662231            0 
            8           128           500             0             1        462 27.060181            0 
            8           128           500             0             1        463 26.406128            0 
            8           128           500             0             1        464 26.926147            0 
            8           128           500             0             1        465 26.182251            0 
            8           128           500             0             1        466 27.057251            0 
            8           128           500             0             1        467 26.201172            0 
            8           128           500             0             1        468 26.904175            0 
            8           128           500             0             1        469 26.828247            0 
            8           128           500             0             1        470 26.737183            0 
            8           128           500             0             1        471 26.803101            0 
            8           128           500             0             1        472 26.651245            0 
            8           128           500             0             1        473 26.756226            0 
            8           128           500             0             1        474 26.875122            0 
            8           128           500             0             1        475 26.647217            0 
            8           128           500             0             1        476 26.318237            0 
            8           128           500             0             1        477 27.083374            0 
            8           128           500             0             1        478 27.032227            0 
            8           128           500             0             1        479 27.408081            0 
            8           128           500             0             1        480 26.789185            0 
            8           128           500             0             1        481 26.506104            0 
            8           128           500             0             1        482 26.905151            0 
            8           128           500             0             1        483 26.522217            0 
            8           128           500             0             1        484 26.726318            0 
            8           128           500             0             1        485 26.649170            0 
            8           128           500             0             1        486 26.745117            0 
            8           128           500             0             1        487 26.214355            0 
            8           128           500             0             1        488 26.951172            0 
            8           128           500             0             1        489 26.503174            0 
            8           128           500             0             1        490 27.031128            0 
            8           128           500             0             1        491 26.876221            0 
            8           128           500             0             1        492 26.762207            0 
            8           128           500             0             1        493 26.796143            0 
            8           128           500             0             1        494 26.901001            0 
            8           128           500             0             1        495 26.800171            0 
            8           128           500             0             1        496 26.998047            0 
            8           128           500             0             1        497 27.166138            0 
            8           128           500             0             1        498 26.359131            0 
            8           128           500             0             1        499 26.782104            0 
# Runtime: 1.840148 s (overhead: 0.000163 %) 500 records
