# Execution time and date (UTC): Fri Aug  9 21:56:19 2024
# Execution time and date (local): Sat Aug 10 00:56:19 2024
# MPI execution on rank 0 with 2 processes in world
# Reported time measurements are in microseconds
# pretty output format
     msg_size  window_size         runs   recv_index    num_peers       id         time     overhead 
            8           128           500             0             1          0 70.521606            0 
            8           128           500             0             1          1 67.370850            0 
            8           128           500             0             1          2 66.934937            0 
            8           128           500             0             1          3 67.493774            0 
            8           128           500             0             1          4 66.616943            0 
            8           128           500             0             1          5 67.414917            0 
            8           128           500             0             1          6 66.711914            0 
            8           128           500             0             1          7 67.395752            0 
            8           128           500             0             1          8 67.075806            0 
            8           128           500             0             1          9 67.462891            0 
            8           128           500             0             1         10 66.740967            0 
            8           128           500             0             1         11 66.903931            0 
            8           128           500             0             1         12 67.342896            0 
            8           128           500             0             1         13 66.720947            0 
            8           128           500             0             1         14 66.614014            0 
            8           128           500             0             1         15 67.348877            0 
            8           128           500             0             1         16 66.799927            0 
            8           128           500             0             1         17 67.337891            0 
            8           128           500             0             1         18 66.671875            0 
            8           128           500             0             1         19 66.909058            0 
            8           128           500             0             1         20 66.331055            0 
            8           128           500             0             1         21 66.952881            0 
            8           128           500             0             1         22 66.597900            0 
            8           128           500             0             1         23 67.145874            0 
            8           128           500             0             1         24 66.060059            0 
            8           128           500             0             1         25 67.064819            0 
            8           128           500             0             1         26 66.662964            0 
            8           128           500             0             1         27 66.823975            0 
            8           128           500             0             1         28 66.900024            0 
            8           128           500             0             1         29 67.298828            0 
            8           128           500             0             1         30 66.965942            0 
            8           128           500             0             1         31 67.086914            0 
            8           128           500             0             1         32 66.822876            0 
            8           128           500             0             1         33 67.032959            0 
            8           128           500             0             1         34 67.114014            0 
            8           128           500             0             1         35 67.566772            0 
            8           128           500             0             1         36 66.270020            0 
            8           128           500             0             1         37 66.959961            0 
            8           128           500             0             1         38 66.656982            0 
            8           128           500             0             1         39 66.590942            0 
            8           128           500             0             1         40 66.953003            0 
            8           128           500             0             1         41 66.986938            0 
            8           128           500             0             1         42 67.281982            0 
            8           128           500             0             1         43 66.505859            0 
            8           128           500             0             1         44 66.818848            0 
            8           128           500             0             1         45 66.867798            0 
            8           128           500             0             1         46 66.938843            0 
            8           128           500             0             1         47 66.616821            0 
            8           128           500             0             1         48 67.336914            0 
            8           128           500             0             1         49 66.780884            0 
            8           128           500             0             1         50 66.950928            0 
            8           128           500             0             1         51 66.500854            0 
            8           128           500             0             1         52 67.273926            0 
            8           128           500             0             1         53 66.337891            0 
            8           128           500             0             1         54 67.079956            0 
            8           128           500             0             1         55 66.579956            0 
            8           128           500             0             1         56 66.969971            0 
            8           128           500             0             1         57 66.555054            0 
            8           128           500             0             1         58 66.975952            0 
            8           128           500             0             1         59 66.594971            0 
            8           128           500             0             1         60 66.612915            0 
            8           128           500             0             1         61 66.599976            0 
            8           128           500             0             1         62 67.020874            0 
            8           128           500             0             1         63 66.421021            0 
            8           128           500             0             1         64 67.481934            0 
            8           128           500             0             1         65 66.864990            0 
            8           128           500             0             1         66 66.939819            0 
            8           128           500             0             1         67 66.230835            0 
            8           128           500             0             1         68 66.392944            0 
            8           128           500             0             1         69 67.021851            0 
            8           128           500             0             1         70 67.050903            0 
            8           128           500             0             1         71 67.208008            0 
            8           128           500             0             1         72 66.430908            0 
            8           128           500             0             1         73 66.478882            0 
            8           128           500             0             1         74 66.876831            0 
            8           128           500             0             1         75 66.460083            0 
            8           128           500             0             1         76 66.571899            0 
            8           128           500             0             1         77 66.686035            0 
            8           128           500             0             1         78 66.737793            0 
            8           128           500             0             1         79 66.880981            0 
            8           128           500             0             1         80 66.567993            0 
            8           128           500             0             1         81 66.634033            0 
            8           128           500             0             1         82 66.570923            0 
            8           128           500             0             1         83 67.266968            0 
            8           128           500             0             1         84 66.133057            0 
            8           128           500             0             1         85 66.041870            0 
            8           128           500             0             1         86 66.431885            0 
            8           128           500             0             1         87 68.463745            0 
            8           128           500             0             1         88 66.314941            0 
            8           128           500             0             1         89 67.000854            0 
            8           128           500             0             1         90 66.441895            0 
            8           128           500             0             1         91 66.690918            0 
            8           128           500             0             1         92 66.369995            0 
            8           128           500             0             1         93 66.288940            0 
            8           128           500             0             1         94 66.009033            0 
            8           128           500             0             1         95 66.915771            0 
            8           128           500             0             1         96 66.731812            0 
            8           128           500             0             1         97 66.703857            0 
            8           128           500             0             1         98 66.748901            0 
            8           128           500             0             1         99 67.043823            0 
            8           128           500             0             1        100 68.387817            0 
            8           128           500             0             1        101 66.803101            0 
            8           128           500             0             1        102 66.450928            0 
            8           128           500             0             1        103 66.697876            0 
            8           128           500             0             1        104 66.493896            0 
            8           128           500             0             1        105 67.212769            0 
            8           128           500             0             1        106 66.074951            0 
            8           128           500             0             1        107 67.078979            0 
            8           128           500             0             1        108 66.475952            0 
            8           128           500             0             1        109 66.828979            0 
            8           128           500             0             1        110 66.527832            0 
            8           128           500             0             1        111 67.018921            0 
            8           128           500             0             1        112 67.015015            0 
            8           128           500             0             1        113 67.015015            0 
            8           128           500             0             1        114 66.636841            0 
            8           128           500             0             1        115 67.485840            0 
            8           128           500             0             1        116 66.594971            0 
            8           128           500             0             1        117 67.617798            0 
            8           128           500             0             1        118 66.483032            0 
            8           128           500             0             1        119 66.695923            0 
            8           128           500             0             1        120 66.944092            0 
            8           128           500             0             1        121 67.092896            0 
            8           128           500             0             1        122 67.206909            0 
            8           128           500             0             1        123 66.875854            0 
            8           128           500             0             1        124 66.762939            0 
            8           128           500             0             1        125 66.531006            0 
            8           128           500             0             1        126 66.976929            0 
            8           128           500             0             1        127 66.825928            0 
            8           128           500             0             1        128 66.993774            0 
            8           128           500             0             1        129 66.833984            0 
            8           128           500             0             1        130 66.983887            0 
            8           128           500             0             1        131 66.413818            0 
            8           128           500             0             1        132 66.574951            0 
            8           128           500             0             1        133 66.944946            0 
            8           128           500             0             1        134 66.617920            0 
            8           128           500             0             1        135 66.937988            0 
            8           128           500             0             1        136 66.479980            0 
            8           128           500             0             1        137 66.417969            0 
            8           128           500             0             1        138 66.193970            0 
            8           128           500             0             1        139 66.813843            0 
            8           128           500             0             1        140 66.119019            0 
            8           128           500             0             1        141 67.173828            0 
            8           128           500             0             1        142 66.304932            0 
            8           128           500             0             1        143 66.476929            0 
            8           128           500             0             1        144 66.342896            0 
            8           128           500             0             1        145 66.599976            0 
            8           128           500             0             1        146 66.693848            0 
            8           128           500             0             1        147 65.913086            0 
            8           128           500             0             1        148 66.947021            0 
            8           128           500             0             1        149 66.973877            0 
            8           128           500             0             1        150 67.073853            0 
            8           128           500             0             1        151 67.061768            0 
            8           128           500             0             1        152 67.054932            0 
            8           128           500             0             1        153 67.180786            0 
            8           128           500             0             1        154 66.891968            0 
            8           128           500             0             1        155 66.747070            1 
            8           128           500             0             1        156 66.921875            0 
            8           128           500             0             1        157 66.733887            0 
            8           128           500             0             1        158 66.844849            0 
            8           128           500             0             1        159 66.329956            0 
            8           128           500             0             1        160 67.307861            0 
            8           128           500             0             1        161 66.302002            0 
            8           128           500             0             1        162 66.973877            0 
            8           128           500             0             1        163 66.437988            0 
            8           128           500             0             1        164 66.590942            0 
            8           128           500             0             1        165 67.020020            0 
            8           128           500             0             1        166 66.729980            0 
            8           128           500             0             1        167 66.458984            0 
            8           128           500             0             1        168 66.939819            0 
            8           128           500             0             1        169 66.389038            0 
            8           128           500             0             1        170 66.576904            0 
            8           128           500             0             1        171 66.631836            0 
            8           128           500             0             1        172 66.546875            0 
            8           128           500             0             1        173 66.226929            0 
            8           128           500             0             1        174 66.189941            0 
            8           128           500             0             1        175 66.378174            0 
            8           128           500             0             1        176 67.021973            0 
            8           128           500             0             1        177 67.322876            0 
            8           128           500             0             1        178 66.901978            0 
            8           128           500             0             1        179 66.989990            0 
            8           128           500             0             1        180 66.817871            0 
            8           128           500             0             1        181 66.795898            0 
            8           128           500             0             1        182 66.715942            0 
            8           128           500             0             1        183 66.750000            0 
            8           128           500             0             1        184 67.087891            0 
            8           128           500             0             1        185 67.406738            0 
            8           128           500             0             1        186 66.822998            0 
            8           128           500             0             1        187 67.053833            0 
            8           128           500             0             1        188 66.767944            0 
            8           128           500             0             1        189 66.826050            0 
            8           128           500             0             1        190 66.775024            0 
            8           128           500             0             1        191 66.728882            0 
            8           128           500             0             1        192 67.088867            0 
            8           128           500             0             1        193 66.780884            0 
            8           128           500             0             1        194 66.710938            0 
            8           128           500             0             1        195 66.669922            0 
            8           128           500             0             1        196 66.242920            0 
            8           128           500             0             1        197 66.948975            0 
            8           128           500             0             1        198 66.515991            0 
            8           128           500             0             1        199 66.822876            0 
            8           128           500             0             1        200 66.540894            0 
            8           128           500             0             1        201 66.455933            0 
            8           128           500             0             1        202 66.348999            0 
            8           128           500             0             1        203 66.823975            0 
            8           128           500             0             1        204 66.542969            0 
            8           128           500             0             1        205 66.972900            0 
            8           128           500             0             1        206 65.930054            0 
            8           128           500             0             1        207 66.960938            0 
            8           128           500             0             1        208 66.962891            0 
            8           128           500             0             1        209 66.925903            0 
            8           128           500             0             1        210 66.450928            0 
            8           128           500             0             1        211 67.021851            0 
            8           128           500             0             1        212 66.606079            0 
            8           128           500             0             1        213 66.717896            0 
            8           128           500             0             1        214 66.109009            0 
            8           128           500             0             1        215 67.208862            0 
            8           128           500             0             1        216 66.895874            0 
            8           128           500             0             1        217 66.989868            0 
            8           128           500             0             1        218 66.606934            0 
            8           128           500             0             1        219 66.528931            0 
            8           128           500             0             1        220 66.466919            0 
            8           128           500             0             1        221 66.964966            0 
            8           128           500             0             1        222 116.601074            0 
            8           128           500             0             1        223 67.092041            0 
            8           128           500             0             1        224 66.724976            0 
            8           128           500             0             1        225 66.903931            0 
            8           128           500             0             1        226 66.490845            0 
            8           128           500             0             1        227 66.606934            0 
            8           128           500             0             1        228 66.492920            0 
            8           128           500             0             1        229 66.977905            0 
            8           128           500             0             1        230 66.214844            0 
            8           128           500             0             1        231 66.902954            0 
            8           128           500             0             1        232 66.915894            0 
            8           128           500             0             1        233 67.433960            0 
            8           128           500             0             1        234 66.726929            0 
            8           128           500             0             1        235 67.195923            0 
            8           128           500             0             1        236 66.476929            0 
            8           128           500             0             1        237 67.048828            0 
            8           128           500             0             1        238 66.755981            0 
            8           128           500             0             1        239 67.250000            0 
            8           128           500             0             1        240 66.932007            0 
            8           128           500             0             1        241 67.151978            0 
            8           128           500             0             1        242 66.628906            0 
            8           128           500             0             1        243 66.801880            0 
            8           128           500             0             1        244 66.896973            0 
            8           128           500             0             1        245 67.421021            0 
            8           128           500             0             1        246 66.477905            0 
            8           128           500             0             1        247 67.052856            0 
            8           128           500             0             1        248 66.359985            0 
            8           128           500             0             1        249 66.656860            0 
            8           128           500             0             1        250 66.494995            0 
            8           128           500             0             1        251 66.901978            0 
            8           128           500             0             1        252 66.299072            0 
            8           128           500             0             1        253 66.807983            0 
            8           128           500             0             1        254 66.795898            0 
            8           128           500             0             1        255 66.964844            0 
            8           128           500             0             1        256 66.686035            3 
            8           128           500             0             1        257 67.010986            0 
            8           128           500             0             1        258 66.544922            0 
            8           128           500             0             1        259 66.911987            0 
            8           128           500             0             1        260 66.912964            0 
            8           128           500             0             1        261 67.177979            0 
            8           128           500             0             1        262 66.893921            0 
            8           128           500             0             1        263 67.060913            0 
            8           128           500             0             1        264 67.118896            0 
            8           128           500             0             1        265 66.846924            0 
            8           128           500             0             1        266 66.431030            0 
            8           128           500             0             1        267 66.779907            0 
            8           128           500             0             1        268 66.933960            0 
            8           128           500             0             1        269 66.859009            0 
            8           128           500             0             1        270 66.776855            0 
            8           128           500             0             1        271 67.175903            0 
            8           128           500             0             1        272 66.739990            0 
            8           128           500             0             1        273 67.067871            0 
            8           128           500             0             1        274 66.131104            0 
            8           128           500             0             1        275 66.735840            0 
            8           128           500             0             1        276 66.594971            0 
            8           128           500             0             1        277 66.717041            0 
            8           128           500             0             1        278 66.955933            0 
            8           128           500             0             1        279 67.415894            0 
            8           128           500             0             1        280 67.026001            0 
            8           128           500             0             1        281 66.885986            0 
            8           128           500             0             1        282 66.639893            0 
            8           128           500             0             1        283 66.484009            0 
            8           128           500             0             1        284 66.924927            0 
            8           128           500             0             1        285 66.447876            0 
            8           128           500             0             1        286 67.621948            0 
            8           128           500             0             1        287 67.071899            0 
            8           128           500             0             1        288 66.887939            0 
            8           128           500             0             1        289 66.890869            0 
            8           128           500             0             1        290 66.352051            0 
            8           128           500             0             1        291 67.133057            0 
            8           128           500             0             1        292 66.762939            0 
            8           128           500             0             1        293 66.287842            0 
            8           128           500             0             1        294 66.922852            0 
            8           128           500             0             1        295 66.343018            0 
            8           128           500             0             1        296 66.489990            0 
            8           128           500             0             1        297 66.406982            0 
            8           128           500             0             1        298 67.278931            0 
            8           128           500             0             1        299 66.552002            0 
            8           128           500             0             1        300 67.065918            0 
            8           128           500             0             1        301 66.705933            0 
            8           128           500             0             1        302 66.853027            0 
            8           128           500             0             1        303 66.524902            0 
            8           128           500             0             1        304 67.303955            0 
            8           128           500             0             1        305 67.117920            0 
            8           128           500             0             1        306 67.246948            0 
            8           128           500             0             1        307 66.640991            0 
            8           128           500             0             1        308 67.084961            0 
            8           128           500             0             1        309 67.378784            0 
            8           128           500             0             1        310 119.161011            0 
            8           128           500             0             1        311 67.027954            0 
            8           128           500             0             1        312 67.003906            0 
            8           128           500             0             1        313 67.341919            0 
            8           128           500             0             1        314 67.377808            0 
            8           128           500             0             1        315 66.876953            0 
            8           128           500             0             1        316 67.046875            0 
            8           128           500             0             1        317 66.868896            0 
            8           128           500             0             1        318 66.554932            0 
            8           128           500             0             1        319 66.566895            0 
            8           128           500             0             1        320 67.089844            0 
            8           128           500             0             1        321 67.262939            0 
            8           128           500             0             1        322 66.740967            0 
            8           128           500             0             1        323 66.681885            0 
            8           128           500             0             1        324 67.145874            0 
            8           128           500             0             1        325 67.029907            0 
            8           128           500             0             1        326 67.008911            0 
            8           128           500             0             1        327 66.782959            0 
            8           128           500             0             1        328 66.570923            0 
            8           128           500             0             1        329 66.893921            0 
            8           128           500             0             1        330 66.858887            0 
            8           128           500             0             1        331 66.531006            0 
            8           128           500             0             1        332 67.151978            0 
            8           128           500             0             1        333 67.322876            0 
            8           128           500             0             1        334 66.747925            0 
            8           128           500             0             1        335 66.552979            0 
            8           128           500             0             1        336 67.054932            0 
            8           128           500             0             1        337 66.984863            0 
            8           128           500             0             1        338 66.698975            0 
            8           128           500             0             1        339 67.092896            0 
            8           128           500             0             1        340 66.770874            0 
            8           128           500             0             1        341 67.297852            0 
            8           128           500             0             1        342 66.571045            0 
            8           128           500             0             1        343 66.833862            0 
            8           128           500             0             1        344 66.712891            0 
            8           128           500             0             1        345 66.521973            0 
            8           128           500             0             1        346 67.026855            0 
            8           128           500             0             1        347 66.382935            0 
            8           128           500             0             1        348 66.535034            0 
            8           128           500             0             1        349 66.962891            0 
            8           128           500             0             1        350 66.867798            0 
            8           128           500             0             1        351 66.312988            0 
            8           128           500             0             1        352 66.904907            0 
            8           128           500             0             1        353 66.471924            0 
            8           128           500             0             1        354 66.583862            0 
            8           128           500             0             1        355 66.370972            0 
            8           128           500             0             1        356 66.452026            0 
            8           128           500             0             1        357 66.607910            0 
            8           128           500             0             1        358 66.899902            0 
            8           128           500             0             1        359 66.606812            0 
            8           128           500             0             1        360 67.076904            0 
            8           128           500             0             1        361 66.988892            0 
            8           128           500             0             1        362 66.300903            0 
            8           128           500             0             1        363 66.486084            0 
            8           128           500             0             1        364 66.676025            0 
            8           128           500             0             1        365 66.489990            0 
            8           128           500             0             1        366 66.281982            0 
            8           128           500             0             1        367 67.021851            0 
            8           128           500             0             1        368 66.438965            0 
            8           128           500             0             1        369 66.638916            0 
            8           128           500             0             1        370 66.509888            0 
            8           128           500             0             1        371 66.198853            0 
            8           128           500             0             1        372 66.465820            0 
            8           128           500             0             1        373 66.468994            0 
            8           128           500             0             1        374 66.659912            0 
            8           128           500             0             1        375 66.787964            0 
            8           128           500             0             1        376 66.760864            0 
            8           128           500             0             1        377 66.557983            0 
            8           128           500             0             1        378 66.317993            0 
            8           128           500             0             1        379 66.172974            0 
            8           128           500             0             1        380 66.656006            0 
            8           128           500             0             1        381 66.911987            0 
            8           128           500             0             1        382 66.359985            0 
            8           128           500             0             1        383 67.018799            0 
            8           128           500             0             1        384 66.930908            0 
            8           128           500             0             1        385 67.041870            0 
            8           128           500             0             1        386 66.520996            0 
            8           128           500             0             1        387 66.855835            0 
            8           128           500             0             1        388 66.937866            0 
            8           128           500             0             1        389 66.620972            0 
            8           128           500             0             1        390 66.733887            0 
            8           128           500             0             1        391 66.899902            0 
            8           128           500             0             1        392 67.147949            0 
            8           128           500             0             1        393 66.913940            0 
            8           128           500             0             1        394 66.953857            0 
            8           128           500             0             1        395 66.947876            0 
            8           128           500             0             1        396 66.964844            0 
            8           128           500             0             1        397 66.773804            0 
            8           128           500             0             1        398 66.664795            0 
            8           128           500             0             1        399 67.115845            0 
            8           128           500             0             1        400 66.900879            0 
            8           128           500             0             1        401 67.654907            0 
            8           128           500             0             1        402 66.791016            0 
            8           128           500             0             1        403 66.844971            0 
            8           128           500             0             1        404 66.705933            0 
            8           128           500             0             1        405 66.837769            0 
            8           128           500             0             1        406 66.885864            0 
            8           128           500             0             1        407 66.755981            0 
            8           128           500             0             1        408 67.094971            0 
            8           128           500             0             1        409 66.640869            0 
            8           128           500             0             1        410 67.044922            0 
            8           128           500             0             1        411 66.921997            0 
            8           128           500             0             1        412 67.210938            0 
            8           128           500             0             1        413 66.562866            0 
            8           128           500             0             1        414 66.987915            0 
            8           128           500             0             1        415 66.980957            0 
            8           128           500             0             1        416 67.178833            0 
            8           128           500             0             1        417 67.136963            0 
            8           128           500             0             1        418 66.969971            0 
            8           128           500             0             1        419 67.136841            0 
            8           128           500             0             1        420 67.481812            0 
            8           128           500             0             1        421 66.774048            0 
            8           128           500             0             1        422 67.132812            0 
            8           128           500             0             1        423 67.315796            0 
            8           128           500             0             1        424 67.174927            0 
            8           128           500             0             1        425 66.859985            0 
            8           128           500             0             1        426 67.412842            0 
            8           128           500             0             1        427 66.456909            0 
            8           128           500             0             1        428 67.177002            0 
            8           128           500             0             1        429 68.103760            0 
            8           128           500             0             1        430 66.835938            0 
            8           128           500             0             1        431 66.820923            0 
            8           128           500             0             1        432 67.328735            0 
            8           128           500             0             1        433 66.593872            0 
            8           128           500             0             1        434 66.746948            0 
            8           128           500             0             1        435 66.531006            0 
            8           128           500             0             1        436 66.960938            0 
            8           128           500             0             1        437 66.621948            0 
            8           128           500             0             1        438 67.055908            0 
            8           128           500             0             1        439 67.003052            0 
            8           128           500             0             1        440 66.689087            0 
            8           128           500             0             1        441 66.481934            0 
            8           128           500             0             1        442 66.872925            0 
            8           128           500             0             1        443 66.873901            0 
            8           128           500             0             1        444 66.636108            0 
            8           128           500             0             1        445 66.968018            1 
            8           128           500             0             1        446 67.120850            0 
            8           128           500             0             1        447 66.804932            0 
            8           128           500             0             1        448 66.822998            0 
            8           128           500             0             1        449 67.200928            0 
            8           128           500             0             1        450 67.093872            0 
            8           128           500             0             1        451 66.558960            0 
            8           128           500             0             1        452 66.472046            0 
            8           128           500             0             1        453 66.795044            0 
            8           128           500             0             1        454 66.510864            0 
            8           128           500             0             1        455 66.619995            0 
            8           128           500             0             1        456 66.586914            0 
            8           128           500             0             1        457 66.288940            0 
            8           128           500             0             1        458 66.583008            0 
            8           128           500             0             1        459 66.504883            0 
            8           128           500             0             1        460 66.570068            0 
            8           128           500             0             1        461 66.193848            0 
            8           128           500             0             1        462 67.226807            0 
            8           128           500             0             1        463 66.754883            0 
            8           128           500             0             1        464 66.114014            0 
            8           128           500             0             1        465 66.395996            0 
            8           128           500             0             1        466 66.859985            0 
            8           128           500             0             1        467 66.508911            0 
            8           128           500             0             1        468 66.690918            0 
            8           128           500             0             1        469 66.601929            0 
            8           128           500             0             1        470 66.901978            0 
            8           128           500             0             1        471 66.210938            0 
            8           128           500             0             1        472 66.471924            0 
            8           128           500             0             1        473 66.832031            0 
            8           128           500             0             1        474 67.028931            0 
            8           128           500             0             1        475 67.104004            0 
            8           128           500             0             1        476 66.721924            0 
            8           128           500             0             1        477 67.178955            0 
            8           128           500             0             1        478 66.874878            0 
            8           128           500             0             1        479 66.755981            0 
            8           128           500             0             1        480 67.421875            0 
            8           128           500             0             1        481 67.048950            0 
            8           128           500             0             1        482 67.130859            0 
            8           128           500             0             1        483 66.584961            0 
            8           128           500             0             1        484 66.588989            0 
            8           128           500             0             1        485 66.717041            0 
            8           128           500             0             1        486 67.406860            0 
            8           128           500             0             1        487 66.823975            0 
            8           128           500             0             1        488 66.873901            0 
            8           128           500             0             1        489 66.855103            0 
            8           128           500             0             1        490 66.765869            0 
            8           128           500             0             1        491 67.089966            0 
            8           128           500             0             1        492 66.707764            0 
            8           128           500             0             1        493 67.400879            0 
            8           128           500             0             1        494 66.829956            0 
            8           128           500             0             1        495 67.057983            0 
            8           128           500             0             1        496 66.990845            0 
            8           128           500             0             1        497 67.047974            0 
            8           128           500             0             1        498 66.547974            0 
            8           128           500             0             1        499 66.977783            0 
# Runtime: 2.042216 s (overhead: 0.000245 %) 500 records
