# Execution time and date (UTC): Fri Aug  9 21:55:32 2024
# Execution time and date (local): Sat Aug 10 00:55:32 2024
# MPI execution on rank 0 with 2 processes in world
# Reported time measurements are in microseconds
# pretty output format
     msg_size  window_size         runs   recv_index    num_peers       id         time     overhead 
            8             1           500             0             1          0 14.824829            0 
            8             1           500             0             1          1 11.032104            0 
            8             1           500             0             1          2 10.930176            0 
            8             1           500             0             1          3 11.001221            0 
            8             1           500             0             1          4 10.892212            0 
            8             1           500             0             1          5 10.950195            0 
            8             1           500             0             1          6 10.978149            0 
            8             1           500             0             1          7 11.281250            0 
            8             1           500             0             1          8 11.185059            0 
            8             1           500             0             1          9 10.858276            0 
            8             1           500             0             1         10 10.849243            0 
            8             1           500             0             1         11 10.871216            0 
            8             1           500             0             1         12 10.835205            0 
            8             1           500             0             1         13 11.023071            0 
            8             1           500             0             1         14 10.809082            0 
            8             1           500             0             1         15 10.798096            0 
            8             1           500             0             1         16 10.575073            0 
            8             1           500             0             1         17 10.665283            0 
            8             1           500             0             1         18 10.364258            0 
            8             1           500             0             1         19 10.688232            0 
            8             1           500             0             1         20 10.288330            0 
            8             1           500             0             1         21 10.588135            0 
            8             1           500             0             1         22 10.435181            0 
            8             1           500             0             1         23 10.441162            0 
            8             1           500             0             1         24 10.465210            0 
            8             1           500             0             1         25 10.532227            0 
            8             1           500             0             1         26 10.443115            0 
            8             1           500             0             1         27 10.574097            0 
            8             1           500             0             1         28 10.300293            0 
            8             1           500             0             1         29 10.510132            0 
            8             1           500             0             1         30 10.536255            0 
            8             1           500             0             1         31 10.490234            0 
            8             1           500             0             1         32 9.840332            0 
            8             1           500             0             1         33 9.821289            0 
            8             1           500             0             1         34 10.933228            0 
            8             1           500             0             1         35 9.972290            0 
            8             1           500             0             1         36 9.819336            0 
            8             1           500             0             1         37 9.920166            0 
            8             1           500             0             1         38 9.779297            0 
            8             1           500             0             1         39 10.139160            0 
            8             1           500             0             1         40 9.903198            0 
            8             1           500             0             1         41 9.960327            0 
            8             1           500             0             1         42 9.993164            0 
            8             1           500             0             1         43 10.078247            0 
            8             1           500             0             1         44 9.863159            0 
            8             1           500             0             1         45 9.791260            0 
            8             1           500             0             1         46 9.789185            0 
            8             1           500             0             1         47 10.074219            0 
            8             1           500             0             1         48 9.815186            0 
            8             1           500             0             1         49 9.797363            0 
            8             1           500             0             1         50 9.746338            0 
            8             1           500             0             1         51 10.099243            0 
            8             1           500             0             1         52 9.804321            0 
            8             1           500             0             1         53 10.099243            0 
            8             1           500             0             1         54 9.802246            0 
            8             1           500             0             1         55 10.100220            0 
            8             1           500             0             1         56 9.831177            0 
            8             1           500             0             1         57 9.872192            0 
            8             1           500             0             1         58 9.805298            0 
            8             1           500             0             1         59 10.108276            0 
            8             1           500             0             1         60 9.942139            0 
            8             1           500             0             1         61 9.843262            0 
            8             1           500             0             1         62 10.045288            0 
            8             1           500             0             1         63 10.287231            0 
            8             1           500             0             1         64 10.144409           11 
            8             1           500             0             1         65 10.043213            0 
            8             1           500             0             1         66 9.935303            0 
            8             1           500             0             1         67 10.268188            0 
            8             1           500             0             1         68 9.803223            0 
            8             1           500             0             1         69 10.196167            0 
            8             1           500             0             1         70 9.953247            0 
            8             1           500             0             1         71 10.208374            0 
            8             1           500             0             1         72 9.983276            0 
            8             1           500             0             1         73 9.982300            0 
            8             1           500             0             1         74 9.931152            0 
            8             1           500             0             1         75 10.141357            0 
            8             1           500             0             1         76 9.960327            0 
            8             1           500             0             1         77 9.914307            0 
            8             1           500             0             1         78 9.785156            0 
            8             1           500             0             1         79 10.008301            0 
            8             1           500             0             1         80 9.904297            0 
            8             1           500             0             1         81 10.167114            0 
            8             1           500             0             1         82 10.045166            0 
            8             1           500             0             1         83 10.340088            0 
            8             1           500             0             1         84 10.060181            0 
            8             1           500             0             1         85 10.102295            0 
            8             1           500             0             1         86 10.015259            0 
            8             1           500             0             1         87 10.197266            0 
            8             1           500             0             1         88 9.780151            0 
            8             1           500             0             1         89 12.117065            0 
            8             1           500             0             1         90 9.902222            0 
            8             1           500             0             1         91 10.100342            0 
            8             1           500             0             1         92 9.931274            0 
            8             1           500             0             1         93 10.099243            0 
            8             1           500             0             1         94 9.905273            0 
            8             1           500             0             1         95 10.297119            0 
            8             1           500             0             1         96 9.814209            0 
            8             1           500             0             1         97 9.819214            0 
            8             1           500             0             1         98 9.786255            0 
            8             1           500             0             1         99 10.006104            0 
            8             1           500             0             1        100 9.910278            0 
            8             1           500             0             1        101 9.885254            0 
            8             1           500             0             1        102 9.887329            0 
            8             1           500             0             1        103 10.221191            0 
            8             1           500             0             1        104 9.574219            0 
            8             1           500             0             1        105 9.829224            0 
            8             1           500             0             1        106 9.652222            0 
            8             1           500             0             1        107 9.939331            0 
            8             1           500             0             1        108 9.756226            0 
            8             1           500             0             1        109 10.240112            0 
            8             1           500             0             1        110 9.701294            0 
            8             1           500             0             1        111 10.027222            0 
            8             1           500             0             1        112 9.970337            0 
            8             1           500             0             1        113 10.075317            0 
            8             1           500             0             1        114 10.716064            0 
            8             1           500             0             1        115 10.183228            0 
            8             1           500             0             1        116 9.905151            0 
            8             1           500             0             1        117 9.899292            0 
            8             1           500             0             1        118 9.748291            0 
            8             1           500             0             1        119 10.226196            0 
            8             1           500             0             1        120 9.794189            0 
            8             1           500             0             1        121 9.867188            0 
            8             1           500             0             1        122 9.864258            0 
            8             1           500             0             1        123 10.074219            0 
            8             1           500             0             1        124 9.823242            0 
            8             1           500             0             1        125 9.763306            0 
            8             1           500             0             1        126 9.822266            0 
            8             1           500             0             1        127 10.198242            0 
            8             1           500             0             1        128 10.394165            0 
            8             1           500             0             1        129 10.152222            0 
            8             1           500             0             1        130 10.063232            0 
            8             1           500             0             1        131 10.075317            0 
            8             1           500             0             1        132 9.929199            0 
            8             1           500             0             1        133 9.954346            0 
            8             1           500             0             1        134 9.924194            0 
            8             1           500             0             1        135 10.159180            0 
            8             1           500             0             1        136 22.345337            0 
            8             1           500             0             1        137 10.014282            0 
            8             1           500             0             1        138 9.984375            0 
            8             1           500             0             1        139 10.144165            0 
            8             1           500             0             1        140 9.844360            0 
            8             1           500             0             1        141 10.120361            0 
            8             1           500             0             1        142 9.967285            0 
            8             1           500             0             1        143 10.185181            0 
            8             1           500             0             1        144 9.942139            0 
            8             1           500             0             1        145 9.925293            0 
            8             1           500             0             1        146 9.937256            0 
            8             1           500             0             1        147 10.227295            0 
            8             1           500             0             1        148 9.995361            0 
            8             1           500             0             1        149 10.218262            0 
            8             1           500             0             1        150 10.172241            0 
            8             1           500             0             1        151 10.355225            0 
            8             1           500             0             1        152 9.852173            0 
            8             1           500             0             1        153 10.195312            0 
            8             1           500             0             1        154 10.248047            0 
            8             1           500             0             1        155 10.172241            0 
            8             1           500             0             1        156 10.064209            0 
            8             1           500             0             1        157 10.235229            0 
            8             1           500             0             1        158 10.083252            0 
            8             1           500             0             1        159 10.320312            0 
            8             1           500             0             1        160 9.729248            0 
            8             1           500             0             1        161 9.903076            0 
            8             1           500             0             1        162 9.879272            0 
            8             1           500             0             1        163 9.989258            0 
            8             1           500             0             1        164 9.855347            0 
            8             1           500             0             1        165 9.871338            0 
            8             1           500             0             1        166 9.688232            0 
            8             1           500             0             1        167 10.219360            0 
            8             1           500             0             1        168 9.714355            0 
            8             1           500             0             1        169 10.020264            0 
            8             1           500             0             1        170 9.832275            0 
            8             1           500             0             1        171 10.170166            0 
            8             1           500             0             1        172 9.676392            0 
            8             1           500             0             1        173 9.956299            0 
            8             1           500             0             1        174 9.742432            0 
            8             1           500             0             1        175 10.089233            0 
            8             1           500             0             1        176 9.771240            0 
            8             1           500             0             1        177 9.921265            0 
            8             1           500             0             1        178 9.881226            0 
            8             1           500             0             1        179 10.015137            0 
            8             1           500             0             1        180 9.836304            0 
            8             1           500             0             1        181 10.004272            0 
            8             1           500             0             1        182 9.849243            0 
            8             1           500             0             1        183 10.263184            0 
            8             1           500             0             1        184 9.731201            0 
            8             1           500             0             1        185 10.032227            0 
            8             1           500             0             1        186 9.811157            0 
            8             1           500             0             1        187 10.173218            0 
            8             1           500             0             1        188 9.868286            0 
            8             1           500             0             1        189 9.897339            0 
            8             1           500             0             1        190 9.817139            0 
            8             1           500             0             1        191 10.148315            0 
            8             1           500             0             1        192 10.053223            0 
            8             1           500             0             1        193 10.039185            0 
            8             1           500             0             1        194 10.002197            0 
            8             1           500             0             1        195 10.108276            0 
            8             1           500             0             1        196 10.032227            0 
            8             1           500             0             1        197 10.029297            0 
            8             1           500             0             1        198 10.109253            0 
            8             1           500             0             1        199 10.103271            0 
            8             1           500             0             1        200 9.887207            0 
            8             1           500             0             1        201 9.827148            0 
            8             1           500             0             1        202 10.019287            0 
            8             1           500             0             1        203 10.155273            0 
            8             1           500             0             1        204 10.067261            0 
            8             1           500             0             1        205 10.111328            0 
            8             1           500             0             1        206 9.985229            0 
            8             1           500             0             1        207 10.125122            0 
            8             1           500             0             1        208 9.839233            0 
            8             1           500             0             1        209 10.051147            0 
            8             1           500             0             1        210 10.066162            0 
            8             1           500             0             1        211 10.206299            0 
            8             1           500             0             1        212 10.002197            0 
            8             1           500             0             1        213 9.956299            0 
            8             1           500             0             1        214 10.045288            0 
            8             1           500             0             1        215 10.185303            0 
            8             1           500             0             1        216 9.715210            0 
            8             1           500             0             1        217 9.985229            0 
            8             1           500             0             1        218 9.752319            0 
            8             1           500             0             1        219 10.259277            0 
            8             1           500             0             1        220 9.984131            0 
            8             1           500             0             1        221 10.157104            0 
            8             1           500             0             1        222 9.905273            0 
            8             1           500             0             1        223 10.300171            0 
            8             1           500             0             1        224 9.701294            0 
            8             1           500             0             1        225 9.881226            0 
            8             1           500             0             1        226 9.916260            0 
            8             1           500             0             1        227 10.118286            0 
            8             1           500             0             1        228 9.827393            0 
            8             1           500             0             1        229 10.008301            0 
            8             1           500             0             1        230 9.720215            0 
            8             1           500             0             1        231 10.075317            0 
            8             1           500             0             1        232 9.856201            0 
            8             1           500             0             1        233 9.773193            0 
            8             1           500             0             1        234 9.626221            0 
            8             1           500             0             1        235 10.088257            0 
            8             1           500             0             1        236 9.818237            0 
            8             1           500             0             1        237 9.847168            0 
            8             1           500             0             1        238 9.953247            0 
            8             1           500             0             1        239 10.185303            0 
            8             1           500             0             1        240 9.663330            0 
            8             1           500             0             1        241 9.829224            0 
            8             1           500             0             1        242 9.843262            0 
            8             1           500             0             1        243 10.141235            0 
            8             1           500             0             1        244 9.820435            0 
            8             1           500             0             1        245 9.902222            0 
            8             1           500             0             1        246 9.853271            0 
            8             1           500             0             1        247 10.215210            0 
            8             1           500             0             1        248 9.644409            0 
            8             1           500             0             1        249 9.793213            0 
            8             1           500             0             1        250 9.830200            0 
            8             1           500             0             1        251 10.181152            0 
            8             1           500             0             1        252 9.820312            0 
            8             1           500             0             1        253 12.935059            0 
            8             1           500             0             1        254 9.646240            0 
            8             1           500             0             1        255 10.263184            0 
            8             1           500             0             1        256 10.486206            0 
            8             1           500             0             1        257 10.009277            0 
            8             1           500             0             1        258 10.040161            0 
            8             1           500             0             1        259 10.217163            0 
            8             1           500             0             1        260 10.078247            0 
            8             1           500             0             1        261 10.059082            0 
            8             1           500             0             1        262 9.912231            0 
            8             1           500             0             1        263 10.143311            0 
            8             1           500             0             1        264 9.922241            0 
            8             1           500             0             1        265 10.023315            0 
            8             1           500             0             1        266 9.931152            0 
            8             1           500             0             1        267 10.209229            0 
            8             1           500             0             1        268 10.059204            0 
            8             1           500             0             1        269 9.989258            0 
            8             1           500             0             1        270 9.957275            0 
            8             1           500             0             1        271 10.093262            0 
            8             1           500             0             1        272 9.927124            0 
            8             1           500             0             1        273 10.001343            0 
            8             1           500             0             1        274 9.950195            0 
            8             1           500             0             1        275 10.061157            0 
            8             1           500             0             1        276 10.118164            0 
            8             1           500             0             1        277 10.022339            0 
            8             1           500             0             1        278 10.194214            0 
            8             1           500             0             1        279 10.307251            0 
            8             1           500             0             1        280 9.856201            0 
            8             1           500             0             1        281 10.080322            0 
            8             1           500             0             1        282 10.037231            0 
            8             1           500             0             1        283 10.092163            0 
            8             1           500             0             1        284 10.111206            0 
            8             1           500             0             1        285 9.996216            0 
            8             1           500             0             1        286 9.992310            0 
            8             1           500             0             1        287 10.272339            0 
            8             1           500             0             1        288 9.908203            0 
            8             1           500             0             1        289 10.069214            0 
            8             1           500             0             1        290 12.668091            0 
            8             1           500             0             1        291 9.927124            0 
            8             1           500             0             1        292 9.920166            0 
            8             1           500             0             1        293 10.092163            0 
            8             1           500             0             1        294 9.791260            0 
            8             1           500             0             1        295 10.056274            0 
            8             1           500             0             1        296 9.930298            0 
            8             1           500             0             1        297 10.180298            0 
            8             1           500             0             1        298 9.718262            0 
            8             1           500             0             1        299 10.170288            0 
            8             1           500             0             1        300 9.785156            0 
            8             1           500             0             1        301 9.949219            0 
            8             1           500             0             1        302 9.988281            0 
            8             1           500             0             1        303 10.093262            0 
            8             1           500             0             1        304 9.798340            0 
            8             1           500             0             1        305 10.080200            0 
            8             1           500             0             1        306 9.840332            0 
            8             1           500             0             1        307 10.270264            0 
            8             1           500             0             1        308 10.063232            0 
            8             1           500             0             1        309 10.015259            0 
            8             1           500             0             1        310 9.791260            0 
            8             1           500             0             1        311 10.072266            0 
            8             1           500             0             1        312 9.788208            0 
            8             1           500             0             1        313 10.150146            0 
            8             1           500             0             1        314 9.811279            0 
            8             1           500             0             1        315 10.284180            0 
            8             1           500             0             1        316 10.756348            0 
            8             1           500             0             1        317 10.096191            0 
            8             1           500             0             1        318 9.858276            0 
            8             1           500             0             1        319 10.185181            0 
            8             1           500             0             1        320 10.180176            0 
            8             1           500             0             1        321 10.016235            0 
            8             1           500             0             1        322 9.858154            0 
            8             1           500             0             1        323 10.004272            0 
            8             1           500             0             1        324 9.832275            0 
            8             1           500             0             1        325 10.072266            0 
            8             1           500             0             1        326 9.981201            0 
            8             1           500             0             1        327 9.938354            0 
            8             1           500             0             1        328 10.121094            0 
            8             1           500             0             1        329 9.990356            0 
            8             1           500             0             1        330 10.007202            0 
            8             1           500             0             1        331 10.118286            0 
            8             1           500             0             1        332 9.991211            0 
            8             1           500             0             1        333 10.155151            0 
            8             1           500             0             1        334 9.992310            0 
            8             1           500             0             1        335 10.147217            0 
            8             1           500             0             1        336 9.839233            0 
            8             1           500             0             1        337 9.998169            0 
            8             1           500             0             1        338 9.892090            0 
            8             1           500             0             1        339 10.005371            0 
            8             1           500             0             1        340 10.026245            0 
            8             1           500             0             1        341 10.106323            0 
            8             1           500             0             1        342 10.084229            0 
            8             1           500             0             1        343 10.210205            0 
            8             1           500             0             1        344 9.969238            0 
            8             1           500             0             1        345 10.025269            0 
            8             1           500             0             1        346 9.893188            0 
            8             1           500             0             1        347 10.087158            0 
            8             1           500             0             1        348 10.067261            0 
            8             1           500             0             1        349 10.173340            0 
            8             1           500             0             1        350 10.058228            0 
            8             1           500             0             1        351 10.473145            0 
            8             1           500             0             1        352 9.771362            0 
            8             1           500             0             1        353 10.017212            0 
            8             1           500             0             1        354 9.706177            0 
            8             1           500             0             1        355 10.051270            0 
            8             1           500             0             1        356 9.843262            0 
            8             1           500             0             1        357 10.011353            0 
            8             1           500             0             1        358 9.835205            0 
            8             1           500             0             1        359 10.072266            0 
            8             1           500             0             1        360 9.737305            0 
            8             1           500             0             1        361 10.115356            0 
            8             1           500             0             1        362 9.737305            0 
            8             1           500             0             1        363 10.091309            0 
            8             1           500             0             1        364 9.919312            0 
            8             1           500             0             1        365 10.027222            0 
            8             1           500             0             1        366 9.947388            0 
            8             1           500             0             1        367 10.271240            0 
            8             1           500             0             1        368 9.865112            0 
            8             1           500             0             1        369 10.046387            0 
            8             1           500             0             1        370 9.840332            0 
            8             1           500             0             1        371 10.021240            0 
            8             1           500             0             1        372 9.803101            0 
            8             1           500             0             1        373 10.003296            0 
            8             1           500             0             1        374 9.792358            0 
            8             1           500             0             1        375 10.055298            0 
            8             1           500             0             1        376 9.877197            0 
            8             1           500             0             1        377 10.147217            0 
            8             1           500             0             1        378 9.902344            0 
            8             1           500             0             1        379 10.353271            0 
            8             1           500             0             1        380 9.881348            0 
            8             1           500             0             1        381 9.905151            0 
            8             1           500             0             1        382 9.860229            0 
            8             1           500             0             1        383 10.320312            0 
            8             1           500             0             1        384 10.416260            0 
            8             1           500             0             1        385 10.027344            0 
            8             1           500             0             1        386 9.877197            0 
            8             1           500             0             1        387 10.124146            0 
            8             1           500             0             1        388 9.984253            0 
            8             1           500             0             1        389 9.937256            0 
            8             1           500             0             1        390 9.810303            0 
            8             1           500             0             1        391 10.003174            0 
            8             1           500             0             1        392 10.175293            0 
            8             1           500             0             1        393 10.082397            0 
            8             1           500             0             1        394 10.132324            0 
            8             1           500             0             1        395 10.132080            0 
            8             1           500             0             1        396 10.137207            0 
            8             1           500             0             1        397 10.110229            0 
            8             1           500             0             1        398 9.983276            0 
            8             1           500             0             1        399 10.117188            0 
            8             1           500             0             1        400 9.808350            0 
            8             1           500             0             1        401 9.977173            0 
            8             1           500             0             1        402 9.878174            0 
            8             1           500             0             1        403 10.096313            0 
            8             1           500             0             1        404 10.069336            0 
            8             1           500             0             1        405 9.959229            0 
            8             1           500             0             1        406 9.902222            0 
            8             1           500             0             1        407 10.090210            0 
            8             1           500             0             1        408 10.061279            0 
            8             1           500             0             1        409 10.096313            0 
            8             1           500             0             1        410 10.020264            0 
            8             1           500             0             1        411 10.113281            0 
            8             1           500             0             1        412 9.834229            0 
            8             1           500             0             1        413 10.054199            0 
            8             1           500             0             1        414 9.869263            0 
            8             1           500             0             1        415 10.185181            0 
            8             1           500             0             1        416 9.940186            0 
            8             1           500             0             1        417 9.877319            0 
            8             1           500             0             1        418 9.887207            0 
            8             1           500             0             1        419 10.025146            0 
            8             1           500             0             1        420 9.872314            0 
            8             1           500             0             1        421 9.911255            0 
            8             1           500             0             1        422 9.686279            0 
            8             1           500             0             1        423 10.054077            0 
            8             1           500             0             1        424 9.789307            0 
            8             1           500             0             1        425 9.977295            0 
            8             1           500             0             1        426 10.021362            0 
            8             1           500             0             1        427 10.245117            0 
            8             1           500             0             1        428 9.671265            0 
            8             1           500             0             1        429 9.978271            0 
            8             1           500             0             1        430 9.848267            0 
            8             1           500             0             1        431 10.130249            0 
            8             1           500             0             1        432 9.822266            0 
            8             1           500             0             1        433 9.906372            0 
            8             1           500             0             1        434 9.757202            0 
            8             1           500             0             1        435 10.117188            0 
            8             1           500             0             1        436 9.936157            0 
            8             1           500             0             1        437 9.840210            0 
            8             1           500             0             1        438 9.762329            0 
            8             1           500             0             1        439 10.015259            0 
            8             1           500             0             1        440 9.916138            0 
            8             1           500             0             1        441 10.042236            0 
            8             1           500             0             1        442 9.807251            0 
            8             1           500             0             1        443 10.408081            0 
            8             1           500             0             1        444 10.044189            0 
            8             1           500             0             1        445 12.523193            0 
            8             1           500             0             1        446 9.846191            0 
            8             1           500             0             1        447 10.162109            0 
            8             1           500             0             1        448 9.957153            0 
            8             1           500             0             1        449 10.260254            0 
            8             1           500             0             1        450 10.164307            0 
            8             1           500             0             1        451 10.400146            0 
            8             1           500             0             1        452 10.170288            0 
            8             1           500             0             1        453 10.004272            0 
            8             1           500             0             1        454 9.995239            0 
            8             1           500             0             1        455 10.393311            0 
            8             1           500             0             1        456 10.270142            0 
            8             1           500             0             1        457 10.249146            0 
            8             1           500             0             1        458 9.903198            0 
            8             1           500             0             1        459 10.225220            0 
            8             1           500             0             1        460 9.959106            0 
            8             1           500             0             1        461 10.129272            0 
            8             1           500             0             1        462 9.840332            0 
            8             1           500             0             1        463 10.164307            0 
            8             1           500             0             1        464 9.986328            0 
            8             1           500             0             1        465 10.055298            0 
            8             1           500             0             1        466 9.987305            0 
            8             1           500             0             1        467 10.296143            0 
            8             1           500             0             1        468 9.811401            0 
            8             1           500             0             1        469 9.966309            0 
            8             1           500             0             1        470 9.895386            0 
            8             1           500             0             1        471 10.147217            0 
            8             1           500             0             1        472 10.135132            0 
            8             1           500             0             1        473 10.152222            0 
            8             1           500             0             1        474 10.019165            0 
            8             1           500             0             1        475 10.198120            0 
            8             1           500             0             1        476 10.069214            0 
            8             1           500             0             1        477 9.998169            0 
            8             1           500             0             1        478 9.958252            0 
            8             1           500             0             1        479 10.270264            0 
            8             1           500             0             1        480 9.810303            0 
            8             1           500             0             1        481 9.942383            0 
            8             1           500             0             1        482 9.785400            0 
            8             1           500             0             1        483 10.165161            0 
            8             1           500             0             1        484 9.838257            0 
            8             1           500             0             1        485 9.857300            0 
            8             1           500             0             1        486 9.670288            0 
            8             1           500             0             1        487 10.033203            0 
            8             1           500             0             1        488 9.948364            0 
            8             1           500             0             1        489 9.891235            0 
            8             1           500             0             1        490 9.768311            0 
            8             1           500             0             1        491 10.106201            0 
            8             1           500             0             1        492 9.817383            0 
            8             1           500             0             1        493 9.804321            0 
            8             1           500             0             1        494 9.601440            0 
            8             1           500             0             1        495 10.268188            0 
            8             1           500             0             1        496 9.935303            0 
            8             1           500             0             1        497 9.928345            0 
            8             1           500             0             1        498 9.695190            0 
            8             1           500             0             1        499 10.222290            0 
# Runtime: 0.057094 s (overhead: 0.019266 %) 500 records
