# Execution time and date (UTC): Fri Aug  9 15:27:01 2024
# Execution time and date (local): Fri Aug  9 18:27:01 2024
# MPI execution on rank 0 with 2 processes in world
# Reported time measurements are in microseconds
# pretty output format
     msg_size  window_size         runs   recv_index    num_peers       id         time     overhead 
            8           128           500             0             1          0 36.337646            0 
            8           128           500             0             1          1 31.487915            0 
            8           128           500             0             1          2 31.426758            0 
            8           128           500             0             1          3 31.339844            0 
            8           128           500             0             1          4 31.563965            0 
            8           128           500             0             1          5 31.538940            0 
            8           128           500             0             1          6 31.474976            0 
            8           128           500             0             1          7 31.631836            0 
            8           128           500             0             1          8 32.003906            0 
            8           128           500             0             1          9 31.467896            0 
            8           128           500             0             1         10 31.963745            0 
            8           128           500             0             1         11 31.982788            0 
            8           128           500             0             1         12 31.250854            0 
            8           128           500             0             1         13 31.939819            0 
            8           128           500             0             1         14 32.347778            0 
            8           128           500             0             1         15 32.041870            0 
            8           128           500             0             1         16 31.804810            0 
            8           128           500             0             1         17 31.832886            0 
            8           128           500             0             1         18 31.627930            0 
            8           128           500             0             1         19 31.931763            0 
            8           128           500             0             1         20 31.114868            0 
            8           128           500             0             1         21 32.297729            0 
            8           128           500             0             1         22 31.596924            0 
            8           128           500             0             1         23 31.705811            0 
            8           128           500             0             1         24 31.211914            0 
            8           128           500             0             1         25 31.840698            0 
            8           128           500             0             1         26 31.837769            0 
            8           128           500             0             1         27 31.937744            0 
            8           128           500             0             1         28 32.525635            0 
            8           128           500             0             1         29 31.613892            0 
            8           128           500             0             1         30 31.653809            0 
            8           128           500             0             1         31 31.403931            0 
            8           128           500             0             1         32 31.744873            0 
            8           128           500             0             1         33 31.851929            0 
            8           128           500             0             1         34 31.514771            0 
            8           128           500             0             1         35 31.793823            0 
            8           128           500             0             1         36 30.683838            0 
            8           128           500             0             1         37 31.727905            0 
            8           128           500             0             1         38 32.315674            0 
            8           128           500             0             1         39 31.656860            0 
            8           128           500             0             1         40 31.866699            0 
            8           128           500             0             1         41 31.812866            0 
            8           128           500             0             1         42 32.098755            0 
            8           128           500             0             1         43 32.262939            0 
            8           128           500             0             1         44 32.079834            0 
            8           128           500             0             1         45 32.046753            0 
            8           128           500             0             1         46 31.478027            0 
            8           128           500             0             1         47 32.146729            0 
            8           128           500             0             1         48 31.740845            0 
            8           128           500             0             1         49 31.539795            0 
            8           128           500             0             1         50 30.960938            0 
            8           128           500             0             1         51 31.560791            0 
            8           128           500             0             1         52 31.769897            0 
            8           128           500             0             1         53 31.359863            0 
            8           128           500             0             1         54 32.151733            0 
            8           128           500             0             1         55 32.173828            0 
            8           128           500             0             1         56 31.718872            0 
            8           128           500             0             1         57 31.533813            0 
            8           128           500             0             1         58 31.937866            0 
            8           128           500             0             1         59 31.949951            0 
            8           128           500             0             1         60 31.605835            0 
            8           128           500             0             1         61 31.919800            0 
            8           128           500             0             1         62 31.487671            0 
            8           128           500             0             1         63 32.155884            0 
            8           128           500             0             1         64 32.441772            0 
            8           128           500             0             1         65 31.848877            0 
            8           128           500             0             1         66 31.212891            0 
            8           128           500             0             1         67 31.813721            0 
            8           128           500             0             1         68 31.490723            0 
            8           128           500             0             1         69 31.967773            0 
            8           128           500             0             1         70 31.924805            0 
            8           128           500             0             1         71 31.928833            0 
            8           128           500             0             1         72 31.256836            0 
            8           128           500             0             1         73 32.093750            0 
            8           128           500             0             1         74 32.302734            0 
            8           128           500             0             1         75 32.173706            0 
            8           128           500             0             1         76 31.125732            0 
            8           128           500             0             1         77 32.081909            0 
            8           128           500             0             1         78 31.410767            0 
            8           128           500             0             1         79 32.309814            0 
            8           128           500             0             1         80 31.700928            0 
            8           128           500             0             1         81 31.758911            0 
            8           128           500             0             1         82 31.653809            0 
            8           128           500             0             1         83 31.895874            0 
            8           128           500             0             1         84 30.784912            0 
            8           128           500             0             1         85 31.237793            0 
            8           128           500             0             1         86 31.621826            0 
            8           128           500             0             1         87 31.361938            0 
            8           128           500             0             1         88 31.331787            0 
            8           128           500             0             1         89 31.784790            0 
            8           128           500             0             1         90 31.791870            0 
            8           128           500             0             1         91 31.856934            0 
            8           128           500             0             1         92 31.053955            0 
            8           128           500             0             1         93 31.398926            0 
            8           128           500             0             1         94 32.017700            0 
            8           128           500             0             1         95 31.539795            0 
            8           128           500             0             1         96 31.708862            0 
            8           128           500             0             1         97 31.727905            0 
            8           128           500             0             1         98 31.392822            0 
            8           128           500             0             1         99 31.881836            0 
            8           128           500             0             1        100 31.745850            0 
            8           128           500             0             1        101 32.114746            0 
            8           128           500             0             1        102 31.935913            0 
            8           128           500             0             1        103 31.963867            0 
            8           128           500             0             1        104 31.869873            0 
            8           128           500             0             1        105 32.473877            0 
            8           128           500             0             1        106 31.923828            0 
            8           128           500             0             1        107 32.407837            0 
            8           128           500             0             1        108 31.547729            0 
            8           128           500             0             1        109 31.963867            0 
            8           128           500             0             1        110 31.635864            0 
            8           128           500             0             1        111 31.730835            0 
            8           128           500             0             1        112 31.603882            0 
            8           128           500             0             1        113 31.825928            0 
            8           128           500             0             1        114 32.201782            0 
            8           128           500             0             1        115 31.231934            0 
            8           128           500             0             1        116 31.851807            0 
            8           128           500             0             1        117 31.621826            0 
            8           128           500             0             1        118 31.202881            0 
            8           128           500             0             1        119 32.004883            0 
            8           128           500             0             1        120 31.961792            0 
            8           128           500             0             1        121 32.415649            0 
            8           128           500             0             1        122 31.865845            0 
            8           128           500             0             1        123 32.234863            0 
            8           128           500             0             1        124 31.857910            0 
            8           128           500             0             1        125 31.968750            0 
            8           128           500             0             1        126 31.734985            0 
            8           128           500             0             1        127 32.077759            0 
            8           128           500             0             1        128 34.891602            0 
            8           128           500             0             1        129 31.266968            0 
            8           128           500             0             1        130 32.033936            0 
            8           128           500             0             1        131 31.756714            0 
            8           128           500             0             1        132 31.325806            0 
            8           128           500             0             1        133 32.074829            0 
            8           128           500             0             1        134 31.591919            0 
            8           128           500             0             1        135 32.147827            0 
            8           128           500             0             1        136 31.773682            0 
            8           128           500             0             1        137 32.060669            0 
            8           128           500             0             1        138 31.846802            0 
            8           128           500             0             1        139 31.972900            0 
            8           128           500             0             1        140 31.695801            0 
            8           128           500             0             1        141 33.049805            0 
            8           128           500             0             1        142 31.821899            0 
            8           128           500             0             1        143 31.593872            0 
            8           128           500             0             1        144 31.432861            0 
            8           128           500             0             1        145 32.133911            0 
            8           128           500             0             1        146 31.692871            0 
            8           128           500             0             1        147 31.724854            0 
            8           128           500             0             1        148 31.464844            0 
            8           128           500             0             1        149 32.049683            0 
            8           128           500             0             1        150 31.653809            0 
            8           128           500             0             1        151 32.014893            0 
            8           128           500             0             1        152 32.056763            0 
            8           128           500             0             1        153 32.161743            0 
            8           128           500             0             1        154 31.576904            0 
            8           128           500             0             1        155 32.028809            0 
            8           128           500             0             1        156 31.431885            0 
            8           128           500             0             1        157 31.989746            0 
            8           128           500             0             1        158 31.960938            0 
            8           128           500             0             1        159 31.812744            0 
            8           128           500             0             1        160 31.507935            0 
            8           128           500             0             1        161 31.654785            0 
            8           128           500             0             1        162 31.846802            0 
            8           128           500             0             1        163 31.418823            0 
            8           128           500             0             1        164 31.797852            0 
            8           128           500             0             1        165 31.843628            0 
            8           128           500             0             1        166 31.611816            0 
            8           128           500             0             1        167 32.055786            0 
            8           128           500             0             1        168 31.405884            0 
            8           128           500             0             1        169 32.131836            0 
            8           128           500             0             1        170 31.830811            0 
            8           128           500             0             1        171 31.576904            0 
            8           128           500             0             1        172 31.888794            0 
            8           128           500             0             1        173 32.009888            0 
            8           128           500             0             1        174 31.804810            0 
            8           128           500             0             1        175 32.330688            0 
            8           128           500             0             1        176 31.605957            0 
            8           128           500             0             1        177 32.261719            0 
            8           128           500             0             1        178 31.527954            0 
            8           128           500             0             1        179 31.389893            0 
            8           128           500             0             1        180 31.622925            0 
            8           128           500             0             1        181 32.175903            0 
            8           128           500             0             1        182 31.707886            0 
            8           128           500             0             1        183 31.826782            0 
            8           128           500             0             1        184 32.079834            0 
            8           128           500             0             1        185 31.759766            0 
            8           128           500             0             1        186 31.215820            0 
            8           128           500             0             1        187 31.258789            0 
            8           128           500             0             1        188 31.723877            0 
            8           128           500             0             1        189 88.679077            0 
            8           128           500             0             1        190 32.043823            0 
            8           128           500             0             1        191 31.735962            0 
            8           128           500             0             1        192 31.512939            0 
            8           128           500             0             1        193 31.508789            0 
            8           128           500             0             1        194 31.081055            0 
            8           128           500             0             1        195 31.933838            0 
            8           128           500             0             1        196 31.316040            0 
            8           128           500             0             1        197 31.985840            0 
            8           128           500             0             1        198 31.623779            0 
            8           128           500             0             1        199 31.856812            0 
            8           128           500             0             1        200 31.969849            0 
            8           128           500             0             1        201 31.888916            0 
            8           128           500             0             1        202 31.973755            0 
            8           128           500             0             1        203 32.526733            0 
            8           128           500             0             1        204 31.574829            0 
            8           128           500             0             1        205 31.672852            0 
            8           128           500             0             1        206 31.826782            0 
            8           128           500             0             1        207 32.202759            0 
            8           128           500             0             1        208 31.594849            0 
            8           128           500             0             1        209 31.974854            0 
            8           128           500             0             1        210 32.133789            0 
            8           128           500             0             1        211 31.941895            0 
            8           128           500             0             1        212 31.884766            0 
            8           128           500             0             1        213 31.334839            0 
            8           128           500             0             1        214 31.928833            0 
            8           128           500             0             1        215 32.154907            0 
            8           128           500             0             1        216 136.637573            0 
            8           128           500             0             1        217 31.692871            0 
            8           128           500             0             1        218 31.446777            0 
            8           128           500             0             1        219 32.090942            0 
            8           128           500             0             1        220 31.905762            0 
            8           128           500             0             1        221 31.487915            0 
            8           128           500             0             1        222 31.893799            0 
            8           128           500             0             1        223 31.917847            0 
            8           128           500             0             1        224 31.507812            0 
            8           128           500             0             1        225 31.710815            0 
            8           128           500             0             1        226 31.876953            0 
            8           128           500             0             1        227 31.230835            0 
            8           128           500             0             1        228 31.707764            0 
            8           128           500             0             1        229 31.584839            0 
            8           128           500             0             1        230 31.833740            0 
            8           128           500             0             1        231 31.908691            0 
            8           128           500             0             1        232 31.641724            0 
            8           128           500             0             1        233 31.617798            0 
            8           128           500             0             1        234 32.566650            0 
            8           128           500             0             1        235 32.059937            0 
            8           128           500             0             1        236 31.317993            0 
            8           128           500             0             1        237 32.104858            0 
            8           128           500             0             1        238 31.901855            0 
            8           128           500             0             1        239 31.989746            0 
            8           128           500             0             1        240 31.767822            0 
            8           128           500             0             1        241 32.454712            0 
            8           128           500             0             1        242 31.878906            0 
            8           128           500             0             1        243 31.818848            0 
            8           128           500             0             1        244 31.477783            0 
            8           128           500             0             1        245 31.937744            0 
            8           128           500             0             1        246 31.136963            0 
            8           128           500             0             1        247 31.856812            0 
            8           128           500             0             1        248 32.115845            0 
            8           128           500             0             1        249 31.444946            0 
            8           128           500             0             1        250 31.260986            0 
            8           128           500             0             1        251 31.910767            0 
            8           128           500             0             1        252 31.827881            0 
            8           128           500             0             1        253 32.086914            0 
            8           128           500             0             1        254 31.441772            0 
            8           128           500             0             1        255 31.835693            0 
            8           128           500             0             1        256 31.933960            3 
            8           128           500             0             1        257 31.814941            0 
            8           128           500             0             1        258 31.645874            0 
            8           128           500             0             1        259 31.851807            0 
            8           128           500             0             1        260 31.641846            0 
            8           128           500             0             1        261 31.400024            0 
            8           128           500             0             1        262 31.966797            0 
            8           128           500             0             1        263 31.825928            0 
            8           128           500             0             1        264 32.319946            0 
            8           128           500             0             1        265 31.963745            0 
            8           128           500             0             1        266 31.665894            0 
            8           128           500             0             1        267 32.328735            0 
            8           128           500             0             1        268 31.786865            0 
            8           128           500             0             1        269 31.778809            0 
            8           128           500             0             1        270 32.028809            0 
            8           128           500             0             1        271 31.748779            0 
            8           128           500             0             1        272 31.471924            0 
            8           128           500             0             1        273 31.994629            0 
            8           128           500             0             1        274 31.982788            0 
            8           128           500             0             1        275 32.028809            0 
            8           128           500             0             1        276 32.233765            0 
            8           128           500             0             1        277 32.151855            0 
            8           128           500             0             1        278 31.513916            0 
            8           128           500             0             1        279 31.698853            0 
            8           128           500             0             1        280 31.723999            0 
            8           128           500             0             1        281 31.937012            0 
            8           128           500             0             1        282 31.692749            0 
            8           128           500             0             1        283 31.608887            0 
            8           128           500             0             1        284 31.346802            0 
            8           128           500             0             1        285 31.519897            0 
            8           128           500             0             1        286 31.496826            0 
            8           128           500             0             1        287 31.239868            0 
            8           128           500             0             1        288 31.365967            0 
            8           128           500             0             1        289 32.248901            0 
            8           128           500             0             1        290 32.010864            0 
            8           128           500             0             1        291 31.705933            0 
            8           128           500             0             1        292 31.547729            0 
            8           128           500             0             1        293 31.955811            0 
            8           128           500             0             1        294 31.868896            0 
            8           128           500             0             1        295 31.788818            0 
            8           128           500             0             1        296 31.821899            0 
            8           128           500             0             1        297 32.288818            0 
            8           128           500             0             1        298 31.290894            0 
            8           128           500             0             1        299 31.911743            0 
            8           128           500             0             1        300 31.763794            0 
            8           128           500             0             1        301 31.609741            0 
            8           128           500             0             1        302 31.443848            0 
            8           128           500             0             1        303 31.534790            0 
            8           128           500             0             1        304 31.760742            0 
            8           128           500             0             1        305 32.241821            0 
            8           128           500             0             1        306 31.547852            0 
            8           128           500             0             1        307 32.259888            0 
            8           128           500             0             1        308 32.141968            0 
            8           128           500             0             1        309 32.013794            0 
            8           128           500             0             1        310 31.811768            0 
            8           128           500             0             1        311 31.936768            0 
            8           128           500             0             1        312 31.877808            0 
            8           128           500             0             1        313 31.727905            0 
            8           128           500             0             1        314 31.679932            0 
            8           128           500             0             1        315 32.069824            0 
            8           128           500             0             1        316 31.531738            0 
            8           128           500             0             1        317 32.157715            0 
            8           128           500             0             1        318 31.571777            0 
            8           128           500             0             1        319 31.232910            0 
            8           128           500             0             1        320 31.972900            0 
            8           128           500             0             1        321 31.221924            0 
            8           128           500             0             1        322 31.986938            0 
            8           128           500             0             1        323 31.598755            0 
            8           128           500             0             1        324 31.103027            2 
            8           128           500             0             1        325 31.482788            0 
            8           128           500             0             1        326 31.500854            0 
            8           128           500             0             1        327 31.856689            0 
            8           128           500             0             1        328 31.510864            0 
            8           128           500             0             1        329 31.609741            0 
            8           128           500             0             1        330 31.614746            0 
            8           128           500             0             1        331 32.013916            0 
            8           128           500             0             1        332 31.635742            0 
            8           128           500             0             1        333 31.644775            0 
            8           128           500             0             1        334 32.136719            0 
            8           128           500             0             1        335 31.540894            0 
            8           128           500             0             1        336 31.697876            0 
            8           128           500             0             1        337 31.798950            0 
            8           128           500             0             1        338 32.481689            0 
            8           128           500             0             1        339 31.914917            0 
            8           128           500             0             1        340 31.913818            0 
            8           128           500             0             1        341 31.613892            0 
            8           128           500             0             1        342 31.632935            0 
            8           128           500             0             1        343 31.613770            0 
            8           128           500             0             1        344 32.193848            0 
            8           128           500             0             1        345 31.576904            0 
            8           128           500             0             1        346 31.466797            0 
            8           128           500             0             1        347 32.156860            0 
            8           128           500             0             1        348 31.826904            0 
            8           128           500             0             1        349 31.683838            0 
            8           128           500             0             1        350 31.971802            0 
            8           128           500             0             1        351 32.012817            0 
            8           128           500             0             1        352 31.981934            0 
            8           128           500             0             1        353 32.204834            0 
            8           128           500             0             1        354 31.163818            0 
            8           128           500             0             1        355 31.563843            0 
            8           128           500             0             1        356 31.608887            0 
            8           128           500             0             1        357 32.525879            0 
            8           128           500             0             1        358 31.869873            0 
            8           128           500             0             1        359 31.510864            0 
            8           128           500             0             1        360 32.316895            0 
            8           128           500             0             1        361 31.639771            0 
            8           128           500             0             1        362 31.433716            0 
            8           128           500             0             1        363 32.445801            0 
            8           128           500             0             1        364 31.929688            0 
            8           128           500             0             1        365 31.562744            0 
            8           128           500             0             1        366 32.089722            0 
            8           128           500             0             1        367 31.869873            0 
            8           128           500             0             1        368 31.754761            0 
            8           128           500             0             1        369 31.664795            0 
            8           128           500             0             1        370 32.082764            0 
            8           128           500             0             1        371 31.578857            0 
            8           128           500             0             1        372 31.457886            0 
            8           128           500             0             1        373 31.453857            0 
            8           128           500             0             1        374 31.881836            0 
            8           128           500             0             1        375 32.011841            0 
            8           128           500             0             1        376 31.824829            0 
            8           128           500             0             1        377 31.772827            0 
            8           128           500             0             1        378 31.427002            0 
            8           128           500             0             1        379 31.543945            0 
            8           128           500             0             1        380 31.572876            0 
            8           128           500             0             1        381 31.458008            0 
            8           128           500             0             1        382 31.872803            0 
            8           128           500             0             1        383 31.579834            0 
            8           128           500             0             1        384 32.371826            0 
            8           128           500             0             1        385 31.628784            0 
            8           128           500             0             1        386 31.953857            0 
            8           128           500             0             1        387 31.824951            0 
            8           128           500             0             1        388 31.847900            0 
            8           128           500             0             1        389 31.537842            0 
            8           128           500             0             1        390 32.036865            0 
            8           128           500             0             1        391 31.786865            0 
            8           128           500             0             1        392 31.638916            0 
            8           128           500             0             1        393 31.892700            0 
            8           128           500             0             1        394 31.496826            0 
            8           128           500             0             1        395 32.040771            0 
            8           128           500             0             1        396 31.673828            0 
            8           128           500             0             1        397 31.984863            0 
            8           128           500             0             1        398 31.443848            0 
            8           128           500             0             1        399 31.716797            0 
            8           128           500             0             1        400 31.752930            0 
            8           128           500             0             1        401 32.066895            0 
            8           128           500             0             1        402 31.894897            0 
            8           128           500             0             1        403 32.055786            0 
            8           128           500             0             1        404 31.245850            0 
            8           128           500             0             1        405 31.975830            0 
            8           128           500             0             1        406 31.510864            0 
            8           128           500             0             1        407 31.599854            0 
            8           128           500             0             1        408 31.478027            0 
            8           128           500             0             1        409 32.146851            0 
            8           128           500             0             1        410 32.014893            0 
            8           128           500             0             1        411 31.551758            0 
            8           128           500             0             1        412 32.396729            0 
            8           128           500             0             1        413 31.872925            0 
            8           128           500             0             1        414 31.517822            0 
            8           128           500             0             1        415 32.077881            0 
            8           128           500             0             1        416 32.145874            0 
            8           128           500             0             1        417 31.543823            0 
            8           128           500             0             1        418 31.595947            0 
            8           128           500             0             1        419 31.979858            0 
            8           128           500             0             1        420 31.828735            0 
            8           128           500             0             1        421 32.070923            0 
            8           128           500             0             1        422 31.823853            0 
            8           128           500             0             1        423 31.962891            0 
            8           128           500             0             1        424 31.365845            0 
            8           128           500             0             1        425 32.548950            0 
            8           128           500             0             1        426 31.669922            0 
            8           128           500             0             1        427 32.197876            0 
            8           128           500             0             1        428 31.701904            0 
            8           128           500             0             1        429 31.744751            0 
            8           128           500             0             1        430 31.741943            0 
            8           128           500             0             1        431 31.723755            0 
            8           128           500             0             1        432 31.506714            0 
            8           128           500             0             1        433 31.473877            0 
            8           128           500             0             1        434 31.683838            0 
            8           128           500             0             1        435 31.695923            0 
            8           128           500             0             1        436 31.453735            0 
            8           128           500             0             1        437 31.790894            0 
            8           128           500             0             1        438 31.515869            0 
            8           128           500             0             1        439 32.066772            0 
            8           128           500             0             1        440 31.810791            0 
            8           128           500             0             1        441 31.932739            0 
            8           128           500             0             1        442 31.514771            0 
            8           128           500             0             1        443 31.759644            0 
            8           128           500             0             1        444 32.137817            0 
            8           128           500             0             1        445 31.405762            0 
            8           128           500             0             1        446 32.064941            0 
            8           128           500             0             1        447 31.705811            0 
            8           128           500             0             1        448 32.180908            0 
            8           128           500             0             1        449 31.998779            0 
            8           128           500             0             1        450 32.223755            0 
            8           128           500             0             1        451 32.100952            0 
            8           128           500             0             1        452 31.847778            0 
            8           128           500             0             1        453 31.680908            0 
            8           128           500             0             1        454 31.660889            0 
            8           128           500             0             1        455 31.788940            0 
            8           128           500             0             1        456 32.341797            0 
            8           128           500             0             1        457 31.992798            0 
            8           128           500             0             1        458 32.002808            0 
            8           128           500             0             1        459 31.986816            0 
            8           128           500             0             1        460 31.215942            0 
            8           128           500             0             1        461 32.224976            0 
            8           128           500             0             1        462 31.497803            0 
            8           128           500             0             1        463 31.973877            0 
            8           128           500             0             1        464 32.117920            0 
            8           128           500             0             1        465 32.157837            0 
            8           128           500             0             1        466 31.927734            0 
            8           128           500             0             1        467 31.874878            0 
            8           128           500             0             1        468 31.381958            0 
            8           128           500             0             1        469 32.300781            0 
            8           128           500             0             1        470 32.118896            0 
            8           128           500             0             1        471 32.473755            0 
            8           128           500             0             1        472 31.339966            0 
            8           128           500             0             1        473 31.657959            0 
            8           128           500             0             1        474 31.881836            0 
            8           128           500             0             1        475 31.714722            0 
            8           128           500             0             1        476 31.874878            0 
            8           128           500             0             1        477 32.186890            0 
            8           128           500             0             1        478 31.594849            0 
            8           128           500             0             1        479 31.912842            0 
            8           128           500             0             1        480 31.657715            0 
            8           128           500             0             1        481 31.561890            0 
            8           128           500             0             1        482 31.790894            0 
            8           128           500             0             1        483 33.422729            0 
            8           128           500             0             1        484 31.909790            0 
            8           128           500             0             1        485 32.707764            0 
            8           128           500             0             1        486 32.379883            0 
            8           128           500             0             1        487 30.984009            0 
            8           128           500             0             1        488 31.190796            0 
            8           128           500             0             1        489 31.433716            0 
            8           128           500             0             1        490 32.037842            0 
            8           128           500             0             1        491 31.870972            0 
            8           128           500             0             1        492 31.977783            0 
            8           128           500             0             1        493 31.947754            0 
            8           128           500             0             1        494 31.753906            0 
            8           128           500             0             1        495 31.964722            0 
            8           128           500             0             1        496 31.624023            0 
            8           128           500             0             1        497 32.340942            0 
            8           128           500             0             1        498 31.330078            0 
            8           128           500             0             1        499 31.974731            0 
# Runtime: 1.817583 s (overhead: 0.000275 %) 500 records
