# Execution time and date (UTC): Fri Aug  9 15:23:34 2024
# Execution time and date (local): Fri Aug  9 18:23:34 2024
# MPI execution on rank 0 with 2 processes in world
# Reported time measurements are in microseconds
# pretty output format
     msg_size  window_size         runs   recv_index    num_peers       id         time     overhead 
            8             1           500             0             1          0 14.994019            0 
            8             1           500             0             1          1 11.077148            0 
            8             1           500             0             1          2 10.930298            0 
            8             1           500             0             1          3 10.884277            0 
            8             1           500             0             1          4 11.086182            0 
            8             1           500             0             1          5 11.020386            0 
            8             1           500             0             1          6 11.269287            0 
            8             1           500             0             1          7 10.977173            0 
            8             1           500             0             1          8 10.813232            0 
            8             1           500             0             1          9 10.986206            0 
            8             1           500             0             1         10 10.695190            0 
            8             1           500             0             1         11 10.541260            0 
            8             1           500             0             1         12 10.430298            0 
            8             1           500             0             1         13 10.479248            0 
            8             1           500             0             1         14 10.510254            0 
            8             1           500             0             1         15 10.905273            0 
            8             1           500             0             1         16 10.345337            0 
            8             1           500             0             1         17 9.996338            0 
            8             1           500             0             1         18 10.367432            0 
            8             1           500             0             1         19 10.687256            0 
            8             1           500             0             1         20 10.339355            0 
            8             1           500             0             1         21 9.887329            0 
            8             1           500             0             1         22 10.379395            0 
            8             1           500             0             1         23 10.516235            0 
            8             1           500             0             1         24 9.682373            0 
            8             1           500             0             1         25 9.774292            0 
            8             1           500             0             1         26 9.731445            0 
            8             1           500             0             1         27 10.014282            0 
            8             1           500             0             1         28 9.988281            0 
            8             1           500             0             1         29 9.841309            0 
            8             1           500             0             1         30 9.675293            0 
            8             1           500             0             1         31 10.053345            0 
            8             1           500             0             1         32 10.178345            0 
            8             1           500             0             1         33 10.061401            0 
            8             1           500             0             1         34 10.107300            0 
            8             1           500             0             1         35 10.170410            0 
            8             1           500             0             1         36 10.175293            0 
            8             1           500             0             1         37 10.006226            0 
            8             1           500             0             1         38 9.931274            0 
            8             1           500             0             1         39 10.199341            0 
            8             1           500             0             1         40 10.034302            0 
            8             1           500             0             1         41 10.060181            0 
            8             1           500             0             1         42 9.933350            0 
            8             1           500             0             1         43 10.263306            0 
            8             1           500             0             1         44 10.001343            0 
            8             1           500             0             1         45 10.044312            0 
            8             1           500             0             1         46 9.788208            0 
            8             1           500             0             1         47 10.124268            0 
            8             1           500             0             1         48 10.097290            0 
            8             1           500             0             1         49 9.944214            0 
            8             1           500             0             1         50 11.927124            0 
            8             1           500             0             1         51 10.512329            0 
            8             1           500             0             1         52 9.941284            0 
            8             1           500             0             1         53 9.819458            0 
            8             1           500             0             1         54 9.833496            0 
            8             1           500             0             1         55 10.222412            0 
            8             1           500             0             1         56 9.807373            0 
            8             1           500             0             1         57 10.087402            0 
            8             1           500             0             1         58 9.919312            0 
            8             1           500             0             1         59 10.130249            0 
            8             1           500             0             1         60 9.895264            0 
            8             1           500             0             1         61 9.912354            0 
            8             1           500             0             1         62 9.757324            0 
            8             1           500             0             1         63 10.247314            0 
            8             1           500             0             1         64 10.055298           10 
            8             1           500             0             1         65 10.077271            0 
            8             1           500             0             1         66 10.055298            0 
            8             1           500             0             1         67 10.125244            0 
            8             1           500             0             1         68 10.000366            0 
            8             1           500             0             1         69 9.810303            0 
            8             1           500             0             1         70 10.075439            0 
            8             1           500             0             1         71 10.198242            0 
            8             1           500             0             1         72 10.042236            0 
            8             1           500             0             1         73 9.831421            0 
            8             1           500             0             1         74 10.043335            0 
            8             1           500             0             1         75 10.339355            0 
            8             1           500             0             1         76 9.783325            0 
            8             1           500             0             1         77 9.834229            0 
            8             1           500             0             1         78 10.041260            0 
            8             1           500             0             1         79 10.195312            0 
            8             1           500             0             1         80 9.910400            0 
            8             1           500             0             1         81 10.019409            0 
            8             1           500             0             1         82 10.024414            0 
            8             1           500             0             1         83 10.217285            0 
            8             1           500             0             1         84 9.919434            0 
            8             1           500             0             1         85 9.983276            0 
            8             1           500             0             1         86 9.937256            0 
            8             1           500             0             1         87 10.139282            0 
            8             1           500             0             1         88 9.938232            0 
            8             1           500             0             1         89 9.932129            0 
            8             1           500             0             1         90 10.016235            0 
            8             1           500             0             1         91 10.034302            0 
            8             1           500             0             1         92 9.985229            0 
            8             1           500             0             1         93 9.798340            0 
            8             1           500             0             1         94 9.943359            0 
            8             1           500             0             1         95 10.121216            0 
            8             1           500             0             1         96 10.091309            0 
            8             1           500             0             1         97 10.111450            0 
            8             1           500             0             1         98 10.191284            0 
            8             1           500             0             1         99 10.255371            0 
            8             1           500             0             1        100 10.132446            0 
            8             1           500             0             1        101 10.165283            0 
            8             1           500             0             1        102 10.248291            0 
            8             1           500             0             1        103 10.337158            0 
            8             1           500             0             1        104 9.955322            0 
            8             1           500             0             1        105 10.041260            0 
            8             1           500             0             1        106 10.249390            0 
            8             1           500             0             1        107 10.310303            0 
            8             1           500             0             1        108 10.127197            0 
            8             1           500             0             1        109 10.087402            0 
            8             1           500             0             1        110 10.109375            0 
            8             1           500             0             1        111 10.363281            0 
            8             1           500             0             1        112 9.982300            0 
            8             1           500             0             1        113 9.888428            0 
            8             1           500             0             1        114 10.021362            0 
            8             1           500             0             1        115 10.273193            0 
            8             1           500             0             1        116 9.886353            0 
            8             1           500             0             1        117 9.933228            0 
            8             1           500             0             1        118 9.800293            0 
            8             1           500             0             1        119 10.103271            0 
            8             1           500             0             1        120 9.863403            0 
            8             1           500             0             1        121 9.887329            0 
            8             1           500             0             1        122 9.961304            0 
            8             1           500             0             1        123 10.338379            0 
            8             1           500             0             1        124 9.973389            0 
            8             1           500             0             1        125 9.733276            0 
            8             1           500             0             1        126 9.696411            0 
            8             1           500             0             1        127 10.323364            0 
            8             1           500             0             1        128 10.144287            0 
            8             1           500             0             1        129 10.123413            0 
            8             1           500             0             1        130 10.009277            0 
            8             1           500             0             1        131 10.162354            0 
            8             1           500             0             1        132 10.121338            0 
            8             1           500             0             1        133 9.958252            0 
            8             1           500             0             1        134 10.041382            0 
            8             1           500             0             1        135 10.289185            0 
            8             1           500             0             1        136 10.084473            0 
            8             1           500             0             1        137 10.066284            0 
            8             1           500             0             1        138 10.142334            0 
            8             1           500             0             1        139 10.204346            0 
            8             1           500             0             1        140 10.148438            0 
            8             1           500             0             1        141 9.872314            0 
            8             1           500             0             1        142 9.920410            0 
            8             1           500             0             1        143 10.487183            0 
            8             1           500             0             1        144 10.008301            0 
            8             1           500             0             1        145 10.043213            0 
            8             1           500             0             1        146 9.894409            0 
            8             1           500             0             1        147 10.335205            0 
            8             1           500             0             1        148 10.085205            0 
            8             1           500             0             1        149 9.834351            0 
            8             1           500             0             1        150 9.870361            0 
            8             1           500             0             1        151 10.227295            0 
            8             1           500             0             1        152 10.052368            0 
            8             1           500             0             1        153 10.042236            0 
            8             1           500             0             1        154 9.982300            0 
            8             1           500             0             1        155 10.274292            0 
            8             1           500             0             1        156 9.963257            0 
            8             1           500             0             1        157 9.773438            0 
            8             1           500             0             1        158 9.828247            0 
            8             1           500             0             1        159 10.319458            0 
            8             1           500             0             1        160 10.289307            0 
            8             1           500             0             1        161 10.084229            0 
            8             1           500             0             1        162 10.261353            0 
            8             1           500             0             1        163 10.177368            0 
            8             1           500             0             1        164 10.299316            0 
            8             1           500             0             1        165 10.197266            0 
            8             1           500             0             1        166 10.264282            0 
            8             1           500             0             1        167 10.268311            0 
            8             1           500             0             1        168 10.223267            0 
            8             1           500             0             1        169 10.257324            0 
            8             1           500             0             1        170 10.262451            0 
            8             1           500             0             1        171 10.163330            0 
            8             1           500             0             1        172 10.277344            0 
            8             1           500             0             1        173 10.263428            0 
            8             1           500             0             1        174 10.310181            0 
            8             1           500             0             1        175 10.209351            0 
            8             1           500             0             1        176 10.007324            0 
            8             1           500             0             1        177 9.753296            0 
            8             1           500             0             1        178 9.851318            0 
            8             1           500             0             1        179 10.274292            0 
            8             1           500             0             1        180 10.049316            0 
            8             1           500             0             1        181 10.023315            0 
            8             1           500             0             1        182 10.008423            0 
            8             1           500             0             1        183 10.240234            0 
            8             1           500             0             1        184 9.766479            0 
            8             1           500             0             1        185 9.996216            0 
            8             1           500             0             1        186 9.943359            0 
            8             1           500             0             1        187 10.188354            0 
            8             1           500             0             1        188 10.067383            0 
            8             1           500             0             1        189 10.123291            0 
            8             1           500             0             1        190 12.983154            0 
            8             1           500             0             1        191 10.230225            0 
            8             1           500             0             1        192 9.981445            0 
            8             1           500             0             1        193 9.989380            0 
            8             1           500             0             1        194 9.810303            0 
            8             1           500             0             1        195 10.318359            0 
            8             1           500             0             1        196 10.216431            0 
            8             1           500             0             1        197 9.934326            0 
            8             1           500             0             1        198 9.887329            0 
            8             1           500             0             1        199 10.301270            0 
            8             1           500             0             1        200 9.689331            0 
            8             1           500             0             1        201 9.786377            0 
            8             1           500             0             1        202 9.793213            0 
            8             1           500             0             1        203 10.179199            0 
            8             1           500             0             1        204 10.028320            0 
            8             1           500             0             1        205 10.002319            0 
            8             1           500             0             1        206 9.968384            0 
            8             1           500             0             1        207 10.374390            0 
            8             1           500             0             1        208 9.859375            0 
            8             1           500             0             1        209 9.913330            0 
            8             1           500             0             1        210 9.889404            0 
            8             1           500             0             1        211 10.243164            0 
            8             1           500             0             1        212 9.981323            0 
            8             1           500             0             1        213 9.975342            0 
            8             1           500             0             1        214 9.980225            0 
            8             1           500             0             1        215 10.141357            0 
            8             1           500             0             1        216 9.814331            0 
            8             1           500             0             1        217 9.967163            0 
            8             1           500             0             1        218 9.918335            0 
            8             1           500             0             1        219 10.067383            0 
            8             1           500             0             1        220 10.092407            0 
            8             1           500             0             1        221 10.055298            0 
            8             1           500             0             1        222 9.925415            0 
            8             1           500             0             1        223 10.193237            0 
            8             1           500             0             1        224 9.903442            0 
            8             1           500             0             1        225 9.980347            0 
            8             1           500             0             1        226 9.901367            0 
            8             1           500             0             1        227 10.173218            0 
            8             1           500             0             1        228 10.171387            0 
            8             1           500             0             1        229 10.003418            0 
            8             1           500             0             1        230 10.000244            0 
            8             1           500             0             1        231 10.206421            0 
            8             1           500             0             1        232 10.103394            0 
            8             1           500             0             1        233 9.925415            0 
            8             1           500             0             1        234 9.970459            0 
            8             1           500             0             1        235 10.147339            0 
            8             1           500             0             1        236 9.998291            0 
            8             1           500             0             1        237 10.050293            0 
            8             1           500             0             1        238 9.979370            0 
            8             1           500             0             1        239 10.420288            0 
            8             1           500             0             1        240 10.014282            0 
            8             1           500             0             1        241 9.918335            0 
            8             1           500             0             1        242 9.819336            0 
            8             1           500             0             1        243 10.196289            0 
            8             1           500             0             1        244 9.937134            0 
            8             1           500             0             1        245 9.721313            0 
            8             1           500             0             1        246 10.041260            0 
            8             1           500             0             1        247 10.279297            0 
            8             1           500             0             1        248 9.717285            0 
            8             1           500             0             1        249 9.861328            0 
            8             1           500             0             1        250 9.795288            0 
            8             1           500             0             1        251 10.070312            0 
            8             1           500             0             1        252 9.754395            0 
            8             1           500             0             1        253 9.823364            0 
            8             1           500             0             1        254 9.782227            0 
            8             1           500             0             1        255 10.203247            0 
            8             1           500             0             1        256 10.329346            0 
            8             1           500             0             1        257 9.848267            0 
            8             1           500             0             1        258 9.915283            0 
            8             1           500             0             1        259 10.326294            0 
            8             1           500             0             1        260 9.889282            0 
            8             1           500             0             1        261 9.950317            0 
            8             1           500             0             1        262 10.172363            0 
            8             1           500             0             1        263 10.170410            0 
            8             1           500             0             1        264 9.814453            0 
            8             1           500             0             1        265 10.125366            0 
            8             1           500             0             1        266 9.884155            0 
            8             1           500             0             1        267 10.119141            0 
            8             1           500             0             1        268 10.048218            0 
            8             1           500             0             1        269 10.039307            0 
            8             1           500             0             1        270 9.923340            0 
            8             1           500             0             1        271 10.289185            0 
            8             1           500             0             1        272 9.781250            0 
            8             1           500             0             1        273 9.815430            0 
            8             1           500             0             1        274 9.734253            0 
            8             1           500             0             1        275 10.115234            0 
            8             1           500             0             1        276 9.918335            0 
            8             1           500             0             1        277 9.948242            0 
            8             1           500             0             1        278 9.894287            0 
            8             1           500             0             1        279 10.180420            0 
            8             1           500             0             1        280 9.968384            0 
            8             1           500             0             1        281 9.799316            0 
            8             1           500             0             1        282 9.795288            0 
            8             1           500             0             1        283 10.045288            0 
            8             1           500             0             1        284 9.928345            0 
            8             1           500             0             1        285 9.849365            0 
            8             1           500             0             1        286 9.681274            0 
            8             1           500             0             1        287 10.299316            0 
            8             1           500             0             1        288 10.056396            0 
            8             1           500             0             1        289 9.984375            0 
            8             1           500             0             1        290 9.920410            0 
            8             1           500             0             1        291 10.392212            0 
            8             1           500             0             1        292 10.053345            0 
            8             1           500             0             1        293 9.913330            0 
            8             1           500             0             1        294 9.959351            0 
            8             1           500             0             1        295 10.112305            0 
            8             1           500             0             1        296 10.113281            0 
            8             1           500             0             1        297 10.120361            0 
            8             1           500             0             1        298 10.158325            0 
            8             1           500             0             1        299 10.266235            0 
            8             1           500             0             1        300 10.046387            0 
            8             1           500             0             1        301 10.027222            0 
            8             1           500             0             1        302 10.007324            0 
            8             1           500             0             1        303 10.249268            0 
            8             1           500             0             1        304 9.918335            0 
            8             1           500             0             1        305 9.814331            0 
            8             1           500             0             1        306 9.954468            0 
            8             1           500             0             1        307 10.227417            0 
            8             1           500             0             1        308 9.849243            0 
            8             1           500             0             1        309 9.890259            0 
            8             1           500             0             1        310 9.919434            0 
            8             1           500             0             1        311 10.210327            0 
            8             1           500             0             1        312 9.873291            0 
            8             1           500             0             1        313 9.953247            0 
            8             1           500             0             1        314 9.755249            0 
            8             1           500             0             1        315 10.144287            0 
            8             1           500             0             1        316 9.942261            0 
            8             1           500             0             1        317 9.788330            0 
            8             1           500             0             1        318 9.707397            0 
            8             1           500             0             1        319 10.110352            0 
            8             1           500             0             1        320 10.322266            0 
            8             1           500             0             1        321 9.943359            0 
            8             1           500             0             1        322 10.037354            0 
            8             1           500             0             1        323 10.150269            0 
            8             1           500             0             1        324 10.097168            0 
            8             1           500             0             1        325 9.891235            0 
            8             1           500             0             1        326 10.114380            0 
            8             1           500             0             1        327 10.144409            0 
            8             1           500             0             1        328 10.086304            0 
            8             1           500             0             1        329 9.919434            0 
            8             1           500             0             1        330 10.202271            0 
            8             1           500             0             1        331 10.064331            0 
            8             1           500             0             1        332 9.957397            0 
            8             1           500             0             1        333 9.933350            0 
            8             1           500             0             1        334 10.051147            0 
            8             1           500             0             1        335 10.235352            0 
            8             1           500             0             1        336 10.042358            0 
            8             1           500             0             1        337 9.884155            0 
            8             1           500             0             1        338 10.079346            0 
            8             1           500             0             1        339 10.106323            0 
            8             1           500             0             1        340 9.980347            0 
            8             1           500             0             1        341 9.891235            0 
            8             1           500             0             1        342 9.936401            0 
            8             1           500             0             1        343 10.161255            0 
            8             1           500             0             1        344 9.932129            0 
            8             1           500             0             1        345 9.951172            0 
            8             1           500             0             1        346 9.959351            0 
            8             1           500             0             1        347 10.289185            0 
            8             1           500             0             1        348 9.830322            0 
            8             1           500             0             1        349 9.846313            0 
            8             1           500             0             1        350 9.785278            0 
            8             1           500             0             1        351 10.135254            0 
            8             1           500             0             1        352 10.128296            0 
            8             1           500             0             1        353 9.945312            0 
            8             1           500             0             1        354 10.242310            0 
            8             1           500             0             1        355 10.325195            0 
            8             1           500             0             1        356 10.205200            0 
            8             1           500             0             1        357 10.011475            0 
            8             1           500             0             1        358 10.169189            0 
            8             1           500             0             1        359 10.140259            0 
            8             1           500             0             1        360 10.007324            0 
            8             1           500             0             1        361 10.041260            0 
            8             1           500             0             1        362 10.199341            0 
            8             1           500             0             1        363 10.209229            0 
            8             1           500             0             1        364 10.022461            0 
            8             1           500             0             1        365 10.014282            0 
            8             1           500             0             1        366 10.052368            0 
            8             1           500             0             1        367 10.235352            0 
            8             1           500             0             1        368 9.926392            0 
            8             1           500             0             1        369 9.987183            0 
            8             1           500             0             1        370 9.774292            0 
            8             1           500             0             1        371 10.123413            0 
            8             1           500             0             1        372 9.922363            0 
            8             1           500             0             1        373 10.030273            0 
            8             1           500             0             1        374 10.056274            0 
            8             1           500             0             1        375 10.214233            0 
            8             1           500             0             1        376 9.743408            0 
            8             1           500             0             1        377 9.833374            0 
            8             1           500             0             1        378 9.959351            0 
            8             1           500             0             1        379 10.179443            0 
            8             1           500             0             1        380 9.884277            0 
            8             1           500             0             1        381 9.789429            0 
            8             1           500             0             1        382 9.906250            0 
            8             1           500             0             1        383 10.295288            0 
            8             1           500             0             1        384 10.261230            0 
            8             1           500             0             1        385 10.101440            0 
            8             1           500             0             1        386 9.976318            0 
            8             1           500             0             1        387 10.095459            0 
            8             1           500             0             1        388 10.063232            0 
            8             1           500             0             1        389 9.977295            0 
            8             1           500             0             1        390 10.065186            0 
            8             1           500             0             1        391 10.071289            0 
            8             1           500             0             1        392 10.258301            0 
            8             1           500             0             1        393 10.205322            0 
            8             1           500             0             1        394 10.125366            0 
            8             1           500             0             1        395 10.407349            0 
            8             1           500             0             1        396 10.110352            0 
            8             1           500             0             1        397 10.033325            0 
            8             1           500             0             1        398 10.108276            0 
            8             1           500             0             1        399 10.159424            0 
            8             1           500             0             1        400 9.756348            0 
            8             1           500             0             1        401 9.785400            0 
            8             1           500             0             1        402 9.838379            0 
            8             1           500             0             1        403 10.303467            0 
            8             1           500             0             1        404 9.889404            0 
            8             1           500             0             1        405 9.809204            0 
            8             1           500             0             1        406 9.676392            0 
            8             1           500             0             1        407 10.052368            0 
            8             1           500             0             1        408 10.087280            0 
            8             1           500             0             1        409 10.049194            0 
            8             1           500             0             1        410 10.114258            0 
            8             1           500             0             1        411 10.294434            0 
            8             1           500             0             1        412 10.129395            0 
            8             1           500             0             1        413 10.117310            0 
            8             1           500             0             1        414 9.981323            0 
            8             1           500             0             1        415 10.278320            0 
            8             1           500             0             1        416 10.153320            0 
            8             1           500             0             1        417 10.136353            0 
            8             1           500             0             1        418 9.978394            0 
            8             1           500             0             1        419 10.168335            0 
            8             1           500             0             1        420 10.299194            0 
            8             1           500             0             1        421 10.130371            0 
            8             1           500             0             1        422 10.116333            0 
            8             1           500             0             1        423 10.247314            0 
            8             1           500             0             1        424 10.242188            0 
            8             1           500             0             1        425 10.331299            0 
            8             1           500             0             1        426 10.246338            0 
            8             1           500             0             1        427 10.262329            0 
            8             1           500             0             1        428 10.375244            0 
            8             1           500             0             1        429 10.427246            0 
            8             1           500             0             1        430 10.337402            0 
            8             1           500             0             1        431 10.310303            0 
            8             1           500             0             1        432 9.697388            0 
            8             1           500             0             1        433 9.724365            0 
            8             1           500             0             1        434 9.937378            0 
            8             1           500             0             1        435 10.153442            0 
            8             1           500             0             1        436 9.851318            0 
            8             1           500             0             1        437 9.856323            0 
            8             1           500             0             1        438 9.733276            0 
            8             1           500             0             1        439 10.137329            0 
            8             1           500             0             1        440 9.927368            0 
            8             1           500             0             1        441 10.113159            0 
            8             1           500             0             1        442 10.120239            0 
            8             1           500             0             1        443 10.252319            0 
            8             1           500             0             1        444 10.169312            0 
            8             1           500             0             1        445 10.073486            0 
            8             1           500             0             1        446 9.860352            0 
            8             1           500             0             1        447 10.114258            0 
            8             1           500             0             1        448 10.039307            0 
            8             1           500             0             1        449 9.854370            0 
            8             1           500             0             1        450 9.854370            0 
            8             1           500             0             1        451 10.211304            0 
            8             1           500             0             1        452 9.861450            0 
            8             1           500             0             1        453 10.029175            0 
            8             1           500             0             1        454 9.778320            0 
            8             1           500             0             1        455 10.252319            0 
            8             1           500             0             1        456 9.986328            0 
            8             1           500             0             1        457 9.982300            0 
            8             1           500             0             1        458 10.104248            0 
            8             1           500             0             1        459 10.358276            0 
            8             1           500             0             1        460 10.042358            0 
            8             1           500             0             1        461 10.004272            0 
            8             1           500             0             1        462 10.044312            0 
            8             1           500             0             1        463 10.476440            0 
            8             1           500             0             1        464 10.165283            0 
            8             1           500             0             1        465 9.993286            0 
            8             1           500             0             1        466 9.915405            0 
            8             1           500             0             1        467 10.284302            0 
            8             1           500             0             1        468 9.777344            0 
            8             1           500             0             1        469 10.064331            0 
            8             1           500             0             1        470 9.972290            0 
            8             1           500             0             1        471 10.133301            0 
            8             1           500             0             1        472 9.987183            0 
            8             1           500             0             1        473 9.877319            0 
            8             1           500             0             1        474 9.929321            0 
            8             1           500             0             1        475 10.115356            0 
            8             1           500             0             1        476 10.082275            0 
            8             1           500             0             1        477 10.060303            0 
            8             1           500             0             1        478 9.954346            0 
            8             1           500             0             1        479 10.472290            0 
            8             1           500             0             1        480 9.991333            0 
            8             1           500             0             1        481 10.026367            0 
            8             1           500             0             1        482 9.969360            0 
            8             1           500             0             1        483 10.090332            0 
            8             1           500             0             1        484 9.878418            0 
            8             1           500             0             1        485 9.925415            0 
            8             1           500             0             1        486 9.976196            0 
            8             1           500             0             1        487 10.165405            0 
            8             1           500             0             1        488 10.029297            0 
            8             1           500             0             1        489 10.065308            0 
            8             1           500             0             1        490 10.122437            0 
            8             1           500             0             1        491 10.127197            0 
            8             1           500             0             1        492 9.996338            0 
            8             1           500             0             1        493 9.914307            0 
            8             1           500             0             1        494 10.017334            0 
            8             1           500             0             1        495 10.559204            0 
            8             1           500             0             1        496 10.023315            0 
            8             1           500             0             1        497 9.683350            0 
            8             1           500             0             1        498 9.808350            0 
            8             1           500             0             1        499 10.158325            0 
# Runtime: 0.055073 s (overhead: 0.018158 %) 500 records
