# Execution time and date (UTC): Fri Aug  9 15:22:11 2024
# Execution time and date (local): Fri Aug  9 18:22:11 2024
# MPI execution on rank 0 with 2 processes in world
# Reported time measurements are in microseconds
# pretty output format
     msg_size  window_size         runs   recv_index    num_peers       id         time     overhead 
            8             1           500             0             1          0 13.952148            0 
            8             1           500             0             1          1 11.054199            0 
            8             1           500             0             1          2 11.176270            0 
            8             1           500             0             1          3 10.652222            0 
            8             1           500             0             1          4 10.242310            0 
            8             1           500             0             1          5 9.819458            0 
            8             1           500             0             1          6 10.273438            0 
            8             1           500             0             1          7 10.488403            0 
            8             1           500             0             1          8 9.927246            0 
            8             1           500             0             1          9 9.875366            0 
            8             1           500             0             1         10 9.974243            0 
            8             1           500             0             1         11 10.001343            0 
            8             1           500             0             1         12 9.782349            0 
            8             1           500             0             1         13 9.851196            0 
            8             1           500             0             1         14 10.002319            0 
            8             1           500             0             1         15 10.010254            0 
            8             1           500             0             1         16 9.969360            0 
            8             1           500             0             1         17 9.946289            0 
            8             1           500             0             1         18 9.822388            0 
            8             1           500             0             1         19 10.055420            0 
            8             1           500             0             1         20 9.783203            0 
            8             1           500             0             1         21 9.941406            0 
            8             1           500             0             1         22 9.836426            0 
            8             1           500             0             1         23 10.000366            0 
            8             1           500             0             1         24 9.838379            0 
            8             1           500             0             1         25 9.859375            0 
            8             1           500             0             1         26 9.917236            0 
            8             1           500             0             1         27 10.125244            0 
            8             1           500             0             1         28 9.729248            0 
            8             1           500             0             1         29 9.668335            0 
            8             1           500             0             1         30 9.848267            0 
            8             1           500             0             1         31 9.889282            0 
            8             1           500             0             1         32 9.821411            0 
            8             1           500             0             1         33 9.921265            0 
            8             1           500             0             1         34 9.883301            0 
            8             1           500             0             1         35 9.983276            0 
            8             1           500             0             1         36 9.888428            0 
            8             1           500             0             1         37 9.930298            0 
            8             1           500             0             1         38 10.212280            0 
            8             1           500             0             1         39 10.136353            0 
            8             1           500             0             1         40 9.708374            0 
            8             1           500             0             1         41 9.865356            0 
            8             1           500             0             1         42 10.043335            0 
            8             1           500             0             1         43 9.895386            0 
            8             1           500             0             1         44 9.877441            0 
            8             1           500             0             1         45 9.762329            0 
            8             1           500             0             1         46 9.994263            0 
            8             1           500             0             1         47 9.957397            0 
            8             1           500             0             1         48 9.897339            0 
            8             1           500             0             1         49 10.017334            0 
            8             1           500             0             1         50 9.903320            0 
            8             1           500             0             1         51 10.103271            0 
            8             1           500             0             1         52 9.979248            0 
            8             1           500             0             1         53 9.993286            0 
            8             1           500             0             1         54 9.904297            0 
            8             1           500             0             1         55 10.081177            0 
            8             1           500             0             1         56 9.805298            0 
            8             1           500             0             1         57 10.076172            0 
            8             1           500             0             1         58 9.729248            0 
            8             1           500             0             1         59 10.157227            0 
            8             1           500             0             1         60 9.916260            0 
            8             1           500             0             1         61 9.613403            0 
            8             1           500             0             1         62 10.050293            0 
            8             1           500             0             1         63 10.049194            0 
            8             1           500             0             1         64 10.009277           10 
            8             1           500             0             1         65 9.964355            0 
            8             1           500             0             1         66 9.873169            0 
            8             1           500             0             1         67 10.052246            0 
            8             1           500             0             1         68 9.878174            0 
            8             1           500             0             1         69 9.881348            0 
            8             1           500             0             1         70 9.965332            0 
            8             1           500             0             1         71 10.392456            0 
            8             1           500             0             1         72 9.907227            0 
            8             1           500             0             1         73 9.870239            0 
            8             1           500             0             1         74 9.908203            0 
            8             1           500             0             1         75 9.990234            0 
            8             1           500             0             1         76 9.817383            0 
            8             1           500             0             1         77 9.876465            0 
            8             1           500             0             1         78 9.938354            0 
            8             1           500             0             1         79 10.035278            0 
            8             1           500             0             1         80 9.869263            0 
            8             1           500             0             1         81 9.747314            0 
            8             1           500             0             1         82 13.003174            0 
            8             1           500             0             1         83 10.098267            0 
            8             1           500             0             1         84 9.907349            0 
            8             1           500             0             1         85 9.958252            0 
            8             1           500             0             1         86 10.023315            0 
            8             1           500             0             1         87 10.141357            0 
            8             1           500             0             1         88 10.077271            0 
            8             1           500             0             1         89 9.989380            0 
            8             1           500             0             1         90 9.673340            0 
            8             1           500             0             1         91 10.012207            0 
            8             1           500             0             1         92 9.749268            0 
            8             1           500             0             1         93 10.018311            0 
            8             1           500             0             1         94 9.770386            0 
            8             1           500             0             1         95 10.056396            0 
            8             1           500             0             1         96 9.884277            0 
            8             1           500             0             1         97 9.938354            0 
            8             1           500             0             1         98 10.160278            0 
            8             1           500             0             1         99 10.259277            0 
            8             1           500             0             1        100 9.845337            0 
            8             1           500             0             1        101 10.113159            0 
            8             1           500             0             1        102 9.953369            0 
            8             1           500             0             1        103 9.897217            0 
            8             1           500             0             1        104 9.772339            0 
            8             1           500             0             1        105 9.814331            0 
            8             1           500             0             1        106 10.043335            0 
            8             1           500             0             1        107 10.288208            0 
            8             1           500             0             1        108 9.784180            0 
            8             1           500             0             1        109 9.800415            0 
            8             1           500             0             1        110 9.715332            0 
            8             1           500             0             1        111 9.965332            0 
            8             1           500             0             1        112 10.071411            0 
            8             1           500             0             1        113 9.909302            0 
            8             1           500             0             1        114 9.823364            0 
            8             1           500             0             1        115 10.189209            0 
            8             1           500             0             1        116 9.901245            0 
            8             1           500             0             1        117 9.749146            0 
            8             1           500             0             1        118 9.739380            0 
            8             1           500             0             1        119 10.063354            0 
            8             1           500             0             1        120 10.053345            0 
            8             1           500             0             1        121 9.963379            0 
            8             1           500             0             1        122 10.087402            0 
            8             1           500             0             1        123 10.134399            0 
            8             1           500             0             1        124 9.858398            0 
            8             1           500             0             1        125 9.681396            0 
            8             1           500             0             1        126 9.947266            0 
            8             1           500             0             1        127 10.107300            0 
            8             1           500             0             1        128 9.948242            0 
            8             1           500             0             1        129 9.828247            0 
            8             1           500             0             1        130 9.704224            0 
            8             1           500             0             1        131 10.129395            0 
            8             1           500             0             1        132 9.774292            0 
            8             1           500             0             1        133 9.619385            0 
            8             1           500             0             1        134 9.742310            0 
            8             1           500             0             1        135 10.048340            0 
            8             1           500             0             1        136 9.811279            0 
            8             1           500             0             1        137 9.862427            0 
            8             1           500             0             1        138 9.918335            0 
            8             1           500             0             1        139 10.017334            0 
            8             1           500             0             1        140 9.865356            0 
            8             1           500             0             1        141 9.927368            0 
            8             1           500             0             1        142 10.020264            0 
            8             1           500             0             1        143 10.084229            0 
            8             1           500             0             1        144 9.893311            0 
            8             1           500             0             1        145 9.889160            0 
            8             1           500             0             1        146 9.691406            0 
            8             1           500             0             1        147 10.031250            0 
            8             1           500             0             1        148 9.651367            0 
            8             1           500             0             1        149 9.742432            0 
            8             1           500             0             1        150 9.749146            0 
            8             1           500             0             1        151 10.038208            0 
            8             1           500             0             1        152 9.863281            0 
            8             1           500             0             1        153 10.117188            0 
            8             1           500             0             1        154 9.860229            0 
            8             1           500             0             1        155 10.058228            0 
            8             1           500             0             1        156 9.951294            0 
            8             1           500             0             1        157 9.925293            0 
            8             1           500             0             1        158 9.830322            0 
            8             1           500             0             1        159 10.066406            0 
            8             1           500             0             1        160 9.681274            0 
            8             1           500             0             1        161 9.908325            0 
            8             1           500             0             1        162 9.898315            0 
            8             1           500             0             1        163 10.121338            0 
            8             1           500             0             1        164 9.821289            0 
            8             1           500             0             1        165 9.953369            0 
            8             1           500             0             1        166 9.884277            0 
            8             1           500             0             1        167 10.096313            0 
            8             1           500             0             1        168 9.869385            0 
            8             1           500             0             1        169 10.133301            0 
            8             1           500             0             1        170 10.016235            0 
            8             1           500             0             1        171 10.214233            0 
            8             1           500             0             1        172 9.981323            0 
            8             1           500             0             1        173 10.009277            0 
            8             1           500             0             1        174 10.003418            0 
            8             1           500             0             1        175 10.338257            0 
            8             1           500             0             1        176 9.891235            0 
            8             1           500             0             1        177 9.873413            0 
            8             1           500             0             1        178 9.743286            0 
            8             1           500             0             1        179 10.189453            0 
            8             1           500             0             1        180 9.817383            0 
            8             1           500             0             1        181 9.922241            0 
            8             1           500             0             1        182 10.021240            0 
            8             1           500             0             1        183 10.041382            0 
            8             1           500             0             1        184 9.758179            0 
            8             1           500             0             1        185 10.045166            0 
            8             1           500             0             1        186 10.036255            0 
            8             1           500             0             1        187 10.168213            0 
            8             1           500             0             1        188 9.834473            0 
            8             1           500             0             1        189 9.737305            0 
            8             1           500             0             1        190 10.008301            0 
            8             1           500             0             1        191 10.131226            0 
            8             1           500             0             1        192 10.054199            0 
            8             1           500             0             1        193 9.828247            0 
            8             1           500             0             1        194 9.708374            0 
            8             1           500             0             1        195 10.039307            0 
            8             1           500             0             1        196 9.836182            0 
            8             1           500             0             1        197 9.992310            0 
            8             1           500             0             1        198 9.957275            0 
            8             1           500             0             1        199 10.103271            0 
            8             1           500             0             1        200 9.816284            0 
            8             1           500             0             1        201 9.858276            0 
            8             1           500             0             1        202 9.740356            0 
            8             1           500             0             1        203 10.016357            0 
            8             1           500             0             1        204 9.779419            0 
            8             1           500             0             1        205 9.918335            0 
            8             1           500             0             1        206 10.004272            0 
            8             1           500             0             1        207 9.997314            0 
            8             1           500             0             1        208 9.855347            0 
            8             1           500             0             1        209 9.988403            0 
            8             1           500             0             1        210 9.822388            0 
            8             1           500             0             1        211 10.080322            0 
            8             1           500             0             1        212 9.719360            0 
            8             1           500             0             1        213 9.766235            0 
            8             1           500             0             1        214 9.846313            0 
            8             1           500             0             1        215 10.045288            0 
            8             1           500             0             1        216 9.746216            0 
            8             1           500             0             1        217 9.906372            0 
            8             1           500             0             1        218 9.772339            0 
            8             1           500             0             1        219 9.991333            0 
            8             1           500             0             1        220 9.794434            0 
            8             1           500             0             1        221 9.673340            0 
            8             1           500             0             1        222 9.863281            0 
            8             1           500             0             1        223 10.056396            0 
            8             1           500             0             1        224 9.839355            0 
            8             1           500             0             1        225 10.096313            0 
            8             1           500             0             1        226 9.931396            0 
            8             1           500             0             1        227 10.072388            0 
            8             1           500             0             1        228 9.742310            0 
            8             1           500             0             1        229 9.989258            0 
            8             1           500             0             1        230 10.021240            0 
            8             1           500             0             1        231 10.054199            0 
            8             1           500             0             1        232 9.764282            0 
            8             1           500             0             1        233 10.008423            0 
            8             1           500             0             1        234 10.022339            0 
            8             1           500             0             1        235 10.122314            0 
            8             1           500             0             1        236 9.777222            0 
            8             1           500             0             1        237 9.755249            0 
            8             1           500             0             1        238 9.860229            0 
            8             1           500             0             1        239 10.090454            0 
            8             1           500             0             1        240 9.962402            0 
            8             1           500             0             1        241 9.977295            0 
            8             1           500             0             1        242 9.867188            0 
            8             1           500             0             1        243 9.991211            0 
            8             1           500             0             1        244 9.876221            0 
            8             1           500             0             1        245 9.750244            0 
            8             1           500             0             1        246 9.997192            0 
            8             1           500             0             1        247 10.120239            0 
            8             1           500             0             1        248 9.847290            0 
            8             1           500             0             1        249 9.826294            0 
            8             1           500             0             1        250 10.005249            0 
            8             1           500             0             1        251 10.085327            0 
            8             1           500             0             1        252 9.753296            0 
            8             1           500             0             1        253 9.679321            0 
            8             1           500             0             1        254 9.709351            0 
            8             1           500             0             1        255 10.178223            0 
            8             1           500             0             1        256 10.081177            0 
            8             1           500             0             1        257 9.990479            0 
            8             1           500             0             1        258 9.829224            0 
            8             1           500             0             1        259 13.279053            0 
            8             1           500             0             1        260 9.846313            0 
            8             1           500             0             1        261 9.894409            0 
            8             1           500             0             1        262 9.882324            0 
            8             1           500             0             1        263 10.128296            0 
            8             1           500             0             1        264 9.758301            0 
            8             1           500             0             1        265 9.788330            0 
            8             1           500             0             1        266 9.746338            0 
            8             1           500             0             1        267 9.963257            0 
            8             1           500             0             1        268 9.685425            0 
            8             1           500             0             1        269 9.819336            0 
            8             1           500             0             1        270 9.768311            0 
            8             1           500             0             1        271 10.069336            0 
            8             1           500             0             1        272 9.941406            0 
            8             1           500             0             1        273 10.095459            0 
            8             1           500             0             1        274 9.835449            0 
            8             1           500             0             1        275 10.112305            0 
            8             1           500             0             1        276 9.848389            0 
            8             1           500             0             1        277 9.830444            0 
            8             1           500             0             1        278 9.886353            0 
            8             1           500             0             1        279 10.113281            0 
            8             1           500             0             1        280 9.725220            0 
            8             1           500             0             1        281 9.870361            0 
            8             1           500             0             1        282 9.786377            0 
            8             1           500             0             1        283 9.952271            0 
            8             1           500             0             1        284 9.745483            0 
            8             1           500             0             1        285 9.627319            0 
            8             1           500             0             1        286 9.831299            0 
            8             1           500             0             1        287 9.936401            0 
            8             1           500             0             1        288 9.817261            0 
            8             1           500             0             1        289 9.891357            0 
            8             1           500             0             1        290 10.069214            0 
            8             1           500             0             1        291 10.259399            0 
            8             1           500             0             1        292 9.875244            0 
            8             1           500             0             1        293 10.130249            0 
            8             1           500             0             1        294 9.996216            0 
            8             1           500             0             1        295 10.171265            0 
            8             1           500             0             1        296 9.700317            0 
            8             1           500             0             1        297 9.702271            0 
            8             1           500             0             1        298 9.913330            0 
            8             1           500             0             1        299 9.894165            0 
            8             1           500             0             1        300 9.780396            0 
            8             1           500             0             1        301 9.747314            0 
            8             1           500             0             1        302 9.681396            0 
            8             1           500             0             1        303 9.941284            0 
            8             1           500             0             1        304 9.860474            0 
            8             1           500             0             1        305 9.999268            0 
            8             1           500             0             1        306 9.970337            0 
            8             1           500             0             1        307 10.254272            0 
            8             1           500             0             1        308 10.043335            0 
            8             1           500             0             1        309 10.133179            0 
            8             1           500             0             1        310 9.760376            0 
            8             1           500             0             1        311 10.195435            0 
            8             1           500             0             1        312 9.649414            0 
            8             1           500             0             1        313 9.874390            0 
            8             1           500             0             1        314 9.920410            0 
            8             1           500             0             1        315 10.089355            0 
            8             1           500             0             1        316 9.833496            0 
            8             1           500             0             1        317 9.676392            0 
            8             1           500             0             1        318 9.628296            0 
            8             1           500             0             1        319 10.030396            0 
            8             1           500             0             1        320 9.993286            0 
            8             1           500             0             1        321 9.785400            0 
            8             1           500             0             1        322 9.952393            0 
            8             1           500             0             1        323 10.096313            0 
            8             1           500             0             1        324 9.842285            0 
            8             1           500             0             1        325 9.862183            0 
            8             1           500             0             1        326 9.799316            0 
            8             1           500             0             1        327 10.129395            0 
            8             1           500             0             1        328 9.733276            0 
            8             1           500             0             1        329 9.878296            0 
            8             1           500             0             1        330 9.980225            0 
            8             1           500             0             1        331 10.044312            0 
            8             1           500             0             1        332 9.812256            0 
            8             1           500             0             1        333 9.973389            0 
            8             1           500             0             1        334 9.780396            0 
            8             1           500             0             1        335 10.027344            0 
            8             1           500             0             1        336 9.862427            0 
            8             1           500             0             1        337 9.699341            0 
            8             1           500             0             1        338 9.816406            0 
            8             1           500             0             1        339 10.026245            0 
            8             1           500             0             1        340 9.775391            0 
            8             1           500             0             1        341 9.841187            0 
            8             1           500             0             1        342 9.833496            0 
            8             1           500             0             1        343 10.035278            0 
            8             1           500             0             1        344 9.674316            0 
            8             1           500             0             1        345 10.575195            0 
            8             1           500             0             1        346 9.779175            0 
            8             1           500             0             1        347 10.145386            0 
            8             1           500             0             1        348 9.827271            0 
            8             1           500             0             1        349 9.940186            0 
            8             1           500             0             1        350 9.847290            0 
            8             1           500             0             1        351 10.164307            0 
            8             1           500             0             1        352 9.798218            0 
            8             1           500             0             1        353 9.892456            0 
            8             1           500             0             1        354 9.939331            0 
            8             1           500             0             1        355 9.970215            0 
            8             1           500             0             1        356 9.885254            0 
            8             1           500             0             1        357 9.966309            0 
            8             1           500             0             1        358 9.883301            0 
            8             1           500             0             1        359 10.018188            0 
            8             1           500             0             1        360 9.685181            0 
            8             1           500             0             1        361 9.860229            0 
            8             1           500             0             1        362 10.041260            0 
            8             1           500             0             1        363 9.952271            0 
            8             1           500             0             1        364 9.848267            0 
            8             1           500             0             1        365 10.024170            0 
            8             1           500             0             1        366 9.862183            0 
            8             1           500             0             1        367 9.808350            0 
            8             1           500             0             1        368 9.879272            0 
            8             1           500             0             1        369 9.814209            0 
            8             1           500             0             1        370 9.829346            0 
            8             1           500             0             1        371 10.150269            0 
            8             1           500             0             1        372 9.998169            0 
            8             1           500             0             1        373 10.103271            0 
            8             1           500             0             1        374 9.758301            0 
            8             1           500             0             1        375 10.044434            0 
            8             1           500             0             1        376 9.777344            0 
            8             1           500             0             1        377 9.938232            0 
            8             1           500             0             1        378 9.993286            0 
            8             1           500             0             1        379 10.205322            0 
            8             1           500             0             1        380 9.817261            0 
            8             1           500             0             1        381 9.999390            0 
            8             1           500             0             1        382 9.642334            0 
            8             1           500             0             1        383 10.057373            0 
            8             1           500             0             1        384 9.985229            0 
            8             1           500             0             1        385 9.854370            0 
            8             1           500             0             1        386 9.767334            0 
            8             1           500             0             1        387 9.979248            0 
            8             1           500             0             1        388 9.939209            0 
            8             1           500             0             1        389 9.888306            0 
            8             1           500             0             1        390 9.747314            0 
            8             1           500             0             1        391 10.033325            0 
            8             1           500             0             1        392 9.822266            0 
            8             1           500             0             1        393 9.872314            0 
            8             1           500             0             1        394 9.946289            0 
            8             1           500             0             1        395 10.202393            0 
            8             1           500             0             1        396 9.807251            0 
            8             1           500             0             1        397 9.911377            0 
            8             1           500             0             1        398 9.745361            0 
            8             1           500             0             1        399 9.983398            0 
            8             1           500             0             1        400 9.810425            0 
            8             1           500             0             1        401 9.695435            0 
            8             1           500             0             1        402 9.821289            0 
            8             1           500             0             1        403 10.024414            0 
            8             1           500             0             1        404 9.759399            0 
            8             1           500             0             1        405 9.805298            0 
            8             1           500             0             1        406 9.870239            0 
            8             1           500             0             1        407 9.980347            0 
            8             1           500             0             1        408 9.903320            0 
            8             1           500             0             1        409 9.944214            0 
            8             1           500             0             1        410 9.810303            0 
            8             1           500             0             1        411 10.063354            0 
            8             1           500             0             1        412 9.800293            0 
            8             1           500             0             1        413 9.907349            0 
            8             1           500             0             1        414 9.821289            0 
            8             1           500             0             1        415 9.992188            0 
            8             1           500             0             1        416 9.940186            0 
            8             1           500             0             1        417 9.840210            0 
            8             1           500             0             1        418 10.033325            0 
            8             1           500             0             1        419 10.263184            0 
            8             1           500             0             1        420 9.845215            0 
            8             1           500             0             1        421 9.938232            0 
            8             1           500             0             1        422 9.903320            0 
            8             1           500             0             1        423 9.906372            0 
            8             1           500             0             1        424 9.800415            0 
            8             1           500             0             1        425 10.078369            0 
            8             1           500             0             1        426 10.024414            0 
            8             1           500             0             1        427 10.264404            0 
            8             1           500             0             1        428 9.833252            0 
            8             1           500             0             1        429 9.878418            0 
            8             1           500             0             1        430 9.823242            0 
            8             1           500             0             1        431 10.243164            0 
            8             1           500             0             1        432 9.851440            0 
            8             1           500             0             1        433 9.854248            0 
            8             1           500             0             1        434 9.871338            0 
            8             1           500             0             1        435 10.126343            0 
            8             1           500             0             1        436 9.768311            0 
            8             1           500             0             1        437 9.739258            0 
            8             1           500             0             1        438 9.698486            0 
            8             1           500             0             1        439 10.084351            0 
            8             1           500             0             1        440 9.923340            0 
            8             1           500             0             1        441 9.978271            0 
            8             1           500             0             1        442 9.752319            0 
            8             1           500             0             1        443 10.167358            0 
            8             1           500             0             1        444 9.897339            0 
            8             1           500             0             1        445 9.630371            0 
            8             1           500             0             1        446 9.879272            0 
            8             1           500             0             1        447 10.186279            0 
            8             1           500             0             1        448 10.016235            0 
            8             1           500             0             1        449 9.887207            0 
            8             1           500             0             1        450 9.812500            0 
            8             1           500             0             1        451 10.145386            0 
            8             1           500             0             1        452 9.780273            0 
            8             1           500             0             1        453 9.776367            0 
            8             1           500             0             1        454 9.790283            0 
            8             1           500             0             1        455 10.023315            0 
            8             1           500             0             1        456 9.730347            0 
            8             1           500             0             1        457 9.939453            0 
            8             1           500             0             1        458 9.803345            0 
            8             1           500             0             1        459 10.002319            0 
            8             1           500             0             1        460 9.752197            0 
            8             1           500             0             1        461 9.825317            0 
            8             1           500             0             1        462 9.955322            0 
            8             1           500             0             1        463 10.024414            0 
            8             1           500             0             1        464 9.822388            0 
            8             1           500             0             1        465 9.925171            0 
            8             1           500             0             1        466 9.759399            0 
            8             1           500             0             1        467 10.086426            0 
            8             1           500             0             1        468 9.859375            0 
            8             1           500             0             1        469 9.674316            0 
            8             1           500             0             1        470 9.771484            0 
            8             1           500             0             1        471 10.013306            0 
            8             1           500             0             1        472 10.137207            0 
            8             1           500             0             1        473 9.982178            0 
            8             1           500             0             1        474 9.791260            0 
            8             1           500             0             1        475 10.178223            0 
            8             1           500             0             1        476 9.829224            0 
            8             1           500             0             1        477 9.884399            0 
            8             1           500             0             1        478 9.789429            0 
            8             1           500             0             1        479 9.993286            0 
            8             1           500             0             1        480 9.806274            0 
            8             1           500             0             1        481 9.852173            0 
            8             1           500             0             1        482 9.888306            0 
            8             1           500             0             1        483 10.068359            0 
            8             1           500             0             1        484 9.874268            0 
            8             1           500             0             1        485 10.134277            0 
            8             1           500             0             1        486 9.916382            0 
            8             1           500             0             1        487 10.145264            0 
            8             1           500             0             1        488 9.718384            0 
            8             1           500             0             1        489 9.952148            0 
            8             1           500             0             1        490 10.065430            0 
            8             1           500             0             1        491 10.132324            0 
            8             1           500             0             1        492 9.911255            0 
            8             1           500             0             1        493 10.052368            0 
            8             1           500             0             1        494 9.955200            0 
            8             1           500             0             1        495 10.314453            0 
            8             1           500             0             1        496 9.814209            0 
            8             1           500             0             1        497 9.840332            0 
            8             1           500             0             1        498 9.726318            0 
            8             1           500             0             1        499 10.166260            0 
# Runtime: 0.052793 s (overhead: 0.018942 %) 500 records
