# Execution time and date (UTC): Fri Aug  9 15:23:58 2024
# Execution time and date (local): Fri Aug  9 18:23:58 2024
# MPI execution on rank 0 with 2 processes in world
# Reported time measurements are in microseconds
# pretty output format
     msg_size  window_size         runs   recv_index    num_peers       id         time     overhead 
            8             1           500             0             1          0 14.502930            0 
            8             1           500             0             1          1 10.789185            0 
            8             1           500             0             1          2 12.752197            0 
            8             1           500             0             1          3 11.090332            0 
            8             1           500             0             1          4 10.740356            0 
            8             1           500             0             1          5 10.691162            0 
            8             1           500             0             1          6 10.854248            0 
            8             1           500             0             1          7 10.923340            0 
            8             1           500             0             1          8 10.764160            0 
            8             1           500             0             1          9 10.653442            0 
            8             1           500             0             1         10 10.522339            0 
            8             1           500             0             1         11 10.586426            0 
            8             1           500             0             1         12 10.429443            0 
            8             1           500             0             1         13 10.619385            0 
            8             1           500             0             1         14 10.588379            0 
            8             1           500             0             1         15 10.578369            0 
            8             1           500             0             1         16 10.410400            0 
            8             1           500             0             1         17 10.501343            0 
            8             1           500             0             1         18 10.390259            0 
            8             1           500             0             1         19 10.445312            0 
            8             1           500             0             1         20 10.249512            0 
            8             1           500             0             1         21 10.283325            0 
            8             1           500             0             1         22 10.303223            0 
            8             1           500             0             1         23 10.257324            0 
            8             1           500             0             1         24 10.390381            0 
            8             1           500             0             1         25 10.103271            0 
            8             1           500             0             1         26 10.104248            0 
            8             1           500             0             1         27 10.229370            0 
            8             1           500             0             1         28 10.263306            0 
            8             1           500             0             1         29 10.229370            0 
            8             1           500             0             1         30 10.136353            0 
            8             1           500             0             1         31 10.290283            0 
            8             1           500             0             1         32 10.274292            0 
            8             1           500             0             1         33 9.961304            0 
            8             1           500             0             1         34 10.402222            0 
            8             1           500             0             1         35 10.348145            0 
            8             1           500             0             1         36 10.175293            0 
            8             1           500             0             1         37 10.136353            0 
            8             1           500             0             1         38 10.519409            0 
            8             1           500             0             1         39 10.531372            0 
            8             1           500             0             1         40 9.945190            0 
            8             1           500             0             1         41 9.831299            0 
            8             1           500             0             1         42 9.854370            0 
            8             1           500             0             1         43 10.069336            0 
            8             1           500             0             1         44 9.947266            0 
            8             1           500             0             1         45 9.842407            0 
            8             1           500             0             1         46 9.872314            0 
            8             1           500             0             1         47 10.029297            0 
            8             1           500             0             1         48 9.994385            0 
            8             1           500             0             1         49 10.150391            0 
            8             1           500             0             1         50 10.024292            0 
            8             1           500             0             1         51 10.220337            0 
            8             1           500             0             1         52 10.033203            0 
            8             1           500             0             1         53 9.954468            0 
            8             1           500             0             1         54 9.989380            0 
            8             1           500             0             1         55 10.208252            0 
            8             1           500             0             1         56 10.049194            0 
            8             1           500             0             1         57 10.043335            0 
            8             1           500             0             1         58 10.013184            0 
            8             1           500             0             1         59 10.082275            0 
            8             1           500             0             1         60 9.841187            0 
            8             1           500             0             1         61 9.867310            0 
            8             1           500             0             1         62 9.997437            0 
            8             1           500             0             1         63 10.352295            0 
            8             1           500             0             1         64 10.325195           10 
            8             1           500             0             1         65 10.190308            0 
            8             1           500             0             1         66 10.204224            0 
            8             1           500             0             1         67 10.373413            0 
            8             1           500             0             1         68 10.219238            0 
            8             1           500             0             1         69 10.237427            0 
            8             1           500             0             1         70 10.014282            0 
            8             1           500             0             1         71 10.455200            0 
            8             1           500             0             1         72 9.894287            0 
            8             1           500             0             1         73 10.046265            0 
            8             1           500             0             1         74 10.034302            0 
            8             1           500             0             1         75 10.228271            0 
            8             1           500             0             1         76 10.093262            0 
            8             1           500             0             1         77 10.209351            0 
            8             1           500             0             1         78 9.976440            0 
            8             1           500             0             1         79 10.053345            0 
            8             1           500             0             1         80 10.002319            0 
            8             1           500             0             1         81 10.095215            0 
            8             1           500             0             1         82 10.028198            0 
            8             1           500             0             1         83 10.355347            0 
            8             1           500             0             1         84 10.094360            0 
            8             1           500             0             1         85 9.958252            0 
            8             1           500             0             1         86 9.923218            0 
            8             1           500             0             1         87 10.185303            0 
            8             1           500             0             1         88 10.018311            0 
            8             1           500             0             1         89 9.980347            0 
            8             1           500             0             1         90 10.003296            0 
            8             1           500             0             1         91 10.282227            0 
            8             1           500             0             1         92 10.095215            0 
            8             1           500             0             1         93 10.084351            0 
            8             1           500             0             1         94 10.009277            0 
            8             1           500             0             1         95 10.409302            0 
            8             1           500             0             1         96 10.219238            0 
            8             1           500             0             1         97 10.083374            0 
            8             1           500             0             1         98 9.981323            0 
            8             1           500             0             1         99 10.220337            0 
            8             1           500             0             1        100 10.144287            0 
            8             1           500             0             1        101 9.947266            0 
            8             1           500             0             1        102 9.910400            0 
            8             1           500             0             1        103 10.041504            0 
            8             1           500             0             1        104 9.855469            0 
            8             1           500             0             1        105 10.067383            0 
            8             1           500             0             1        106 9.939331            0 
            8             1           500             0             1        107 10.166260            0 
            8             1           500             0             1        108 9.926392            0 
            8             1           500             0             1        109 9.956421            0 
            8             1           500             0             1        110 9.764404            0 
            8             1           500             0             1        111 10.205322            0 
            8             1           500             0             1        112 9.987183            0 
            8             1           500             0             1        113 10.025391            0 
            8             1           500             0             1        114 9.929443            0 
            8             1           500             0             1        115 10.224243            0 
            8             1           500             0             1        116 10.054199            0 
            8             1           500             0             1        117 9.990356            0 
            8             1           500             0             1        118 10.260376            0 
            8             1           500             0             1        119 10.373291            0 
            8             1           500             0             1        120 10.239380            0 
            8             1           500             0             1        121 10.154419            0 
            8             1           500             0             1        122 10.002441            0 
            8             1           500             0             1        123 10.260498            0 
            8             1           500             0             1        124 10.179321            0 
            8             1           500             0             1        125 10.052246            0 
            8             1           500             0             1        126 10.019287            0 
            8             1           500             0             1        127 10.441284            0 
            8             1           500             0             1        128 10.322266            0 
            8             1           500             0             1        129 10.191284            0 
            8             1           500             0             1        130 10.073486            0 
            8             1           500             0             1        131 10.340210            0 
            8             1           500             0             1        132 10.073364            0 
            8             1           500             0             1        133 10.064331            0 
            8             1           500             0             1        134 9.979248            0 
            8             1           500             0             1        135 10.162354            0 
            8             1           500             0             1        136 9.788330            0 
            8             1           500             0             1        137 9.973267            0 
            8             1           500             0             1        138 10.042358            0 
            8             1           500             0             1        139 10.194458            0 
            8             1           500             0             1        140 10.067261            0 
            8             1           500             0             1        141 10.038452            0 
            8             1           500             0             1        142 10.122314            0 
            8             1           500             0             1        143 10.158325            0 
            8             1           500             0             1        144 9.874268            0 
            8             1           500             0             1        145 9.974365            0 
            8             1           500             0             1        146 10.030396            0 
            8             1           500             0             1        147 10.090210            0 
            8             1           500             0             1        148 9.751343            0 
            8             1           500             0             1        149 10.175171            0 
            8             1           500             0             1        150 9.936279            0 
            8             1           500             0             1        151 10.213135            0 
            8             1           500             0             1        152 9.817261            0 
            8             1           500             0             1        153 10.081421            0 
            8             1           500             0             1        154 10.156372            0 
            8             1           500             0             1        155 10.100464            0 
            8             1           500             0             1        156 9.901367            0 
            8             1           500             0             1        157 9.957275            0 
            8             1           500             0             1        158 10.034302            0 
            8             1           500             0             1        159 10.319214            0 
            8             1           500             0             1        160 9.976318            0 
            8             1           500             0             1        161 9.996338            0 
            8             1           500             0             1        162 9.787231            0 
            8             1           500             0             1        163 10.196411            0 
            8             1           500             0             1        164 10.132324            0 
            8             1           500             0             1        165 10.180298            0 
            8             1           500             0             1        166 9.902466            0 
            8             1           500             0             1        167 10.052368            0 
            8             1           500             0             1        168 10.079346            0 
            8             1           500             0             1        169 9.894409            0 
            8             1           500             0             1        170 9.828491            0 
            8             1           500             0             1        171 10.168213            0 
            8             1           500             0             1        172 10.038330            0 
            8             1           500             0             1        173 10.031372            0 
            8             1           500             0             1        174 10.112305            0 
            8             1           500             0             1        175 10.231323            0 
            8             1           500             0             1        176 9.848267            0 
            8             1           500             0             1        177 9.911255            0 
            8             1           500             0             1        178 9.778320            0 
            8             1           500             0             1        179 10.180298            0 
            8             1           500             0             1        180 9.885376            0 
            8             1           500             0             1        181 10.116455            0 
            8             1           500             0             1        182 10.159302            0 
            8             1           500             0             1        183 10.191284            0 
            8             1           500             0             1        184 9.985352            0 
            8             1           500             0             1        185 10.010376            0 
            8             1           500             0             1        186 10.103271            0 
            8             1           500             0             1        187 10.031250            0 
            8             1           500             0             1        188 10.007324            0 
            8             1           500             0             1        189 10.061401            0 
            8             1           500             0             1        190 9.983398            0 
            8             1           500             0             1        191 10.338501            0 
            8             1           500             0             1        192 10.069336            0 
            8             1           500             0             1        193 9.991333            0 
            8             1           500             0             1        194 9.988281            0 
            8             1           500             0             1        195 10.123291            0 
            8             1           500             0             1        196 9.951416            0 
            8             1           500             0             1        197 10.066284            0 
            8             1           500             0             1        198 9.972168            0 
            8             1           500             0             1        199 10.310303            0 
            8             1           500             0             1        200 10.131226            0 
            8             1           500             0             1        201 10.107300            0 
            8             1           500             0             1        202 9.896240            0 
            8             1           500             0             1        203 10.121216            0 
            8             1           500             0             1        204 10.099365            0 
            8             1           500             0             1        205 9.959351            0 
            8             1           500             0             1        206 10.180298            0 
            8             1           500             0             1        207 10.170166            0 
            8             1           500             0             1        208 9.930420            0 
            8             1           500             0             1        209 10.234253            0 
            8             1           500             0             1        210 10.128296            0 
            8             1           500             0             1        211 10.162231            0 
            8             1           500             0             1        212 9.985474            0 
            8             1           500             0             1        213 10.004395            0 
            8             1           500             0             1        214 10.011230            0 
            8             1           500             0             1        215 10.249390            0 
            8             1           500             0             1        216 9.847290            0 
            8             1           500             0             1        217 10.174316            0 
            8             1           500             0             1        218 9.851440            0 
            8             1           500             0             1        219 10.213379            0 
            8             1           500             0             1        220 9.906494            0 
            8             1           500             0             1        221 10.093384            0 
            8             1           500             0             1        222 9.889282            0 
            8             1           500             0             1        223 10.213257            0 
            8             1           500             0             1        224 9.835327            0 
            8             1           500             0             1        225 10.005371            0 
            8             1           500             0             1        226 9.851196            0 
            8             1           500             0             1        227 10.354248            0 
            8             1           500             0             1        228 9.945312            0 
            8             1           500             0             1        229 9.815430            0 
            8             1           500             0             1        230 10.099365            0 
            8             1           500             0             1        231 10.235352            0 
            8             1           500             0             1        232 10.042358            0 
            8             1           500             0             1        233 9.847290            0 
            8             1           500             0             1        234 9.832275            0 
            8             1           500             0             1        235 10.086426            0 
            8             1           500             0             1        236 9.788452            0 
            8             1           500             0             1        237 9.715332            0 
            8             1           500             0             1        238 9.839355            0 
            8             1           500             0             1        239 10.137451            0 
            8             1           500             0             1        240 9.923218            0 
            8             1           500             0             1        241 9.875366            0 
            8             1           500             0             1        242 9.867432            0 
            8             1           500             0             1        243 10.094360            0 
            8             1           500             0             1        244 9.841309            0 
            8             1           500             0             1        245 9.954224            0 
            8             1           500             0             1        246 9.972290            0 
            8             1           500             0             1        247 10.244385            0 
            8             1           500             0             1        248 9.928223            0 
            8             1           500             0             1        249 10.001343            0 
            8             1           500             0             1        250 9.991333            0 
            8             1           500             0             1        251 10.251465            0 
            8             1           500             0             1        252 10.078247            0 
            8             1           500             0             1        253 9.774292            0 
            8             1           500             0             1        254 9.879395            0 
            8             1           500             0             1        255 10.284302            0 
            8             1           500             0             1        256 10.720337            0 
            8             1           500             0             1        257 10.021362            0 
            8             1           500             0             1        258 10.177368            0 
            8             1           500             0             1        259 10.295288            0 
            8             1           500             0             1        260 10.114380            0 
            8             1           500             0             1        261 10.000366            0 
            8             1           500             0             1        262 10.125366            0 
            8             1           500             0             1        263 10.274292            0 
            8             1           500             0             1        264 10.379272            0 
            8             1           500             0             1        265 10.121460            0 
            8             1           500             0             1        266 10.233276            0 
            8             1           500             0             1        267 10.384277            0 
            8             1           500             0             1        268 10.086426            0 
            8             1           500             0             1        269 10.208496            0 
            8             1           500             0             1        270 10.135376            0 
            8             1           500             0             1        271 10.252319            0 
            8             1           500             0             1        272 9.949219            0 
            8             1           500             0             1        273 10.010254            0 
            8             1           500             0             1        274 10.150391            0 
            8             1           500             0             1        275 10.280396            0 
            8             1           500             0             1        276 9.985352            0 
            8             1           500             0             1        277 9.986450            0 
            8             1           500             0             1        278 9.911255            0 
            8             1           500             0             1        279 10.017456            0 
            8             1           500             0             1        280 9.989380            0 
            8             1           500             0             1        281 10.028320            0 
            8             1           500             0             1        282 10.157349            0 
            8             1           500             0             1        283 10.338379            0 
            8             1           500             0             1        284 10.006226            0 
            8             1           500             0             1        285 10.196411            0 
            8             1           500             0             1        286 10.088257            0 
            8             1           500             0             1        287 10.169312            0 
            8             1           500             0             1        288 10.204346            0 
            8             1           500             0             1        289 10.084351            0 
            8             1           500             0             1        290 10.134399            0 
            8             1           500             0             1        291 10.038208            0 
            8             1           500             0             1        292 10.169312            0 
            8             1           500             0             1        293 10.089355            0 
            8             1           500             0             1        294 10.001465            0 
            8             1           500             0             1        295 10.266357            0 
            8             1           500             0             1        296 10.214355            0 
            8             1           500             0             1        297 10.379272            0 
            8             1           500             0             1        298 10.268433            0 
            8             1           500             0             1        299 10.316406            0 
            8             1           500             0             1        300 10.261353            0 
            8             1           500             0             1        301 10.235352            0 
            8             1           500             0             1        302 10.072266            0 
            8             1           500             0             1        303 10.230469            0 
            8             1           500             0             1        304 10.309326            0 
            8             1           500             0             1        305 10.196289            0 
            8             1           500             0             1        306 10.176270            0 
            8             1           500             0             1        307 10.174316            0 
            8             1           500             0             1        308 9.880249            0 
            8             1           500             0             1        309 10.067383            0 
            8             1           500             0             1        310 10.024414            0 
            8             1           500             0             1        311 10.227417            0 
            8             1           500             0             1        312 9.985229            0 
            8             1           500             0             1        313 10.025269            0 
            8             1           500             0             1        314 9.904419            0 
            8             1           500             0             1        315 10.303345            0 
            8             1           500             0             1        316 9.986450            0 
            8             1           500             0             1        317 10.163330            0 
            8             1           500             0             1        318 10.001343            0 
            8             1           500             0             1        319 10.463379            0 
            8             1           500             0             1        320 10.533325            0 
            8             1           500             0             1        321 10.201294            0 
            8             1           500             0             1        322 10.094360            0 
            8             1           500             0             1        323 10.100220            0 
            8             1           500             0             1        324 10.285400            0 
            8             1           500             0             1        325 10.156372            0 
            8             1           500             0             1        326 10.391357            0 
            8             1           500             0             1        327 10.271240            0 
            8             1           500             0             1        328 10.202148            0 
            8             1           500             0             1        329 10.245239            0 
            8             1           500             0             1        330 10.241211            0 
            8             1           500             0             1        331 10.341187            0 
            8             1           500             0             1        332 10.200317            0 
            8             1           500             0             1        333 10.135254            0 
            8             1           500             0             1        334 10.070190            0 
            8             1           500             0             1        335 10.369263            0 
            8             1           500             0             1        336 10.253418            0 
            8             1           500             0             1        337 10.074463            0 
            8             1           500             0             1        338 10.241211            0 
            8             1           500             0             1        339 10.011353            0 
            8             1           500             0             1        340 10.064331            0 
            8             1           500             0             1        341 10.089233            0 
            8             1           500             0             1        342 10.080444            0 
            8             1           500             0             1        343 10.259277            0 
            8             1           500             0             1        344 10.078247            0 
            8             1           500             0             1        345 10.199341            0 
            8             1           500             0             1        346 10.208252            0 
            8             1           500             0             1        347 10.074463            0 
            8             1           500             0             1        348 10.012329            0 
            8             1           500             0             1        349 10.293335            0 
            8             1           500             0             1        350 9.989380            0 
            8             1           500             0             1        351 10.289185            0 
            8             1           500             0             1        352 9.856323            0 
            8             1           500             0             1        353 10.099243            0 
            8             1           500             0             1        354 9.990479            0 
            8             1           500             0             1        355 10.229248            0 
            8             1           500             0             1        356 9.898438            0 
            8             1           500             0             1        357 10.139404            0 
            8             1           500             0             1        358 9.811279            0 
            8             1           500             0             1        359 10.329224            0 
            8             1           500             0             1        360 10.123291            0 
            8             1           500             0             1        361 10.105225            0 
            8             1           500             0             1        362 9.981445            0 
            8             1           500             0             1        363 10.244385            0 
            8             1           500             0             1        364 10.204346            0 
            8             1           500             0             1        365 10.059326            0 
            8             1           500             0             1        366 9.827393            0 
            8             1           500             0             1        367 10.150391            0 
            8             1           500             0             1        368 9.927246            0 
            8             1           500             0             1        369 10.122192            0 
            8             1           500             0             1        370 10.012451            0 
            8             1           500             0             1        371 10.029419            0 
            8             1           500             0             1        372 9.963257            0 
            8             1           500             0             1        373 9.979370            0 
            8             1           500             0             1        374 9.781372            0 
            8             1           500             0             1        375 9.978394            0 
            8             1           500             0             1        376 9.989380            0 
            8             1           500             0             1        377 10.043213            0 
            8             1           500             0             1        378 9.968506            0 
            8             1           500             0             1        379 10.091309            0 
            8             1           500             0             1        380 10.160278            0 
            8             1           500             0             1        381 9.995361            0 
            8             1           500             0             1        382 9.900391            0 
            8             1           500             0             1        383 10.213379            0 
            8             1           500             0             1        384 10.327393            0 
            8             1           500             0             1        385 10.195312            0 
            8             1           500             0             1        386 10.165283            0 
            8             1           500             0             1        387 10.203247            0 
            8             1           500             0             1        388 10.165283            0 
            8             1           500             0             1        389 10.016235            0 
            8             1           500             0             1        390 10.090332            0 
            8             1           500             0             1        391 10.203491            0 
            8             1           500             0             1        392 10.145142            0 
            8             1           500             0             1        393 10.262329            0 
            8             1           500             0             1        394 10.065308            0 
            8             1           500             0             1        395 10.351440            0 
            8             1           500             0             1        396 10.217285            0 
            8             1           500             0             1        397 10.019287            0 
            8             1           500             0             1        398 10.192383            0 
            8             1           500             0             1        399 10.168335            0 
            8             1           500             0             1        400 10.201294            0 
            8             1           500             0             1        401 9.968384            0 
            8             1           500             0             1        402 9.914429            0 
            8             1           500             0             1        403 10.145264            0 
            8             1           500             0             1        404 9.984375            0 
            8             1           500             0             1        405 9.989380            0 
            8             1           500             0             1        406 9.997314            0 
            8             1           500             0             1        407 10.181274            0 
            8             1           500             0             1        408 10.004395            0 
            8             1           500             0             1        409 10.103271            0 
            8             1           500             0             1        410 10.077271            0 
            8             1           500             0             1        411 10.154419            0 
            8             1           500             0             1        412 10.083252            0 
            8             1           500             0             1        413 10.068481            0 
            8             1           500             0             1        414 10.151245            0 
            8             1           500             0             1        415 10.289429            0 
            8             1           500             0             1        416 9.877319            0 
            8             1           500             0             1        417 9.782471            0 
            8             1           500             0             1        418 9.894287            0 
            8             1           500             0             1        419 10.109375            0 
            8             1           500             0             1        420 9.943359            0 
            8             1           500             0             1        421 10.088379            0 
            8             1           500             0             1        422 9.959351            0 
            8             1           500             0             1        423 10.061279            0 
            8             1           500             0             1        424 10.111328            0 
            8             1           500             0             1        425 9.878296            0 
            8             1           500             0             1        426 10.024414            0 
            8             1           500             0             1        427 10.251465            0 
            8             1           500             0             1        428 10.116455            0 
            8             1           500             0             1        429 9.997192            0 
            8             1           500             0             1        430 9.951416            0 
            8             1           500             0             1        431 10.257324            0 
            8             1           500             0             1        432 10.018311            0 
            8             1           500             0             1        433 10.065430            0 
            8             1           500             0             1        434 9.754395            0 
            8             1           500             0             1        435 10.154419            0 
            8             1           500             0             1        436 9.819458            0 
            8             1           500             0             1        437 9.969360            0 
            8             1           500             0             1        438 9.864380            0 
            8             1           500             0             1        439 10.040405            0 
            8             1           500             0             1        440 10.212280            0 
            8             1           500             0             1        441 9.859253            0 
            8             1           500             0             1        442 9.926392            0 
            8             1           500             0             1        443 9.986328            0 
            8             1           500             0             1        444 10.018311            0 
            8             1           500             0             1        445 10.013428            0 
            8             1           500             0             1        446 10.027344            0 
            8             1           500             0             1        447 10.289429            0 
            8             1           500             0             1        448 10.324219            0 
            8             1           500             0             1        449 10.228271            0 
            8             1           500             0             1        450 9.909424            0 
            8             1           500             0             1        451 10.332275            0 
            8             1           500             0             1        452 9.979370            0 
            8             1           500             0             1        453 10.294189            0 
            8             1           500             0             1        454 10.029175            0 
            8             1           500             0             1        455 10.243408            0 
            8             1           500             0             1        456 9.897339            0 
            8             1           500             0             1        457 9.892212            0 
            8             1           500             0             1        458 9.843384            0 
            8             1           500             0             1        459 10.133423            0 
            8             1           500             0             1        460 10.076294            0 
            8             1           500             0             1        461 9.913330            0 
            8             1           500             0             1        462 9.897339            0 
            8             1           500             0             1        463 10.236328            0 
            8             1           500             0             1        464 9.966309            0 
            8             1           500             0             1        465 9.892212            0 
            8             1           500             0             1        466 9.848389            0 
            8             1           500             0             1        467 10.140381            0 
            8             1           500             0             1        468 10.267212            0 
            8             1           500             0             1        469 10.058350            0 
            8             1           500             0             1        470 10.073242            0 
            8             1           500             0             1        471 10.211304            0 
            8             1           500             0             1        472 9.898438            0 
            8             1           500             0             1        473 9.823364            0 
            8             1           500             0             1        474 9.881226            0 
            8             1           500             0             1        475 10.284424            0 
            8             1           500             0             1        476 9.980225            0 
            8             1           500             0             1        477 9.954346            0 
            8             1           500             0             1        478 9.933228            0 
            8             1           500             0             1        479 10.239258            0 
            8             1           500             0             1        480 10.080322            0 
            8             1           500             0             1        481 9.883301            0 
            8             1           500             0             1        482 9.959351            0 
            8             1           500             0             1        483 10.305420            0 
            8             1           500             0             1        484 10.171387            0 
            8             1           500             0             1        485 10.046387            0 
            8             1           500             0             1        486 9.920288            0 
            8             1           500             0             1        487 10.280273            0 
            8             1           500             0             1        488 10.162354            0 
            8             1           500             0             1        489 10.001343            0 
            8             1           500             0             1        490 10.038330            0 
            8             1           500             0             1        491 10.211304            0 
            8             1           500             0             1        492 42.138306            0 
            8             1           500             0             1        493 9.983398            0 
            8             1           500             0             1        494 9.930420            0 
            8             1           500             0             1        495 10.444336            0 
            8             1           500             0             1        496 10.131348            0 
            8             1           500             0             1        497 9.973389            0 
            8             1           500             0             1        498 9.977295            0 
            8             1           500             0             1        499 10.243286            0 
# Runtime: 0.056235 s (overhead: 0.017782 %) 500 records
