# Execution time and date (UTC): Fri Aug  9 15:26:14 2024
# Execution time and date (local): Fri Aug  9 18:26:14 2024
# MPI execution on rank 0 with 2 processes in world
# Reported time measurements are in microseconds
# pretty output format
     msg_size  window_size         runs   recv_index    num_peers       id         time     overhead 
            8           128           500             0             1          0 95.987427            0 
            8           128           500             0             1          1 87.590088            0 
            8           128           500             0             1          2 88.463013            0 
            8           128           500             0             1          3 87.418091            0 
            8           128           500             0             1          4 88.155029            0 
            8           128           500             0             1          5 88.191040            0 
            8           128           500             0             1          6 87.604004            0 
            8           128           500             0             1          7 86.904053            0 
            8           128           500             0             1          8 90.434814            0 
            8           128           500             0             1          9 87.148804            0 
            8           128           500             0             1         10 88.106934            0 
            8           128           500             0             1         11 86.856079            0 
            8           128           500             0             1         12 91.085571            0 
            8           128           500             0             1         13 86.963013            0 
            8           128           500             0             1         14 87.222046            0 
            8           128           500             0             1         15 86.825073            0 
            8           128           500             0             1         16 88.453857            0 
            8           128           500             0             1         17 86.869995            0 
            8           128           500             0             1         18 86.583130            0 
            8           128           500             0             1         19 86.795044            0 
            8           128           500             0             1         20 91.003784            0 
            8           128           500             0             1         21 86.389038            0 
            8           128           500             0             1         22 87.375854            0 
            8           128           500             0             1         23 86.585083            0 
            8           128           500             0             1         24 90.996826            0 
            8           128           500             0             1         25 86.760132            0 
            8           128           500             0             1         26 90.193848            0 
            8           128           500             0             1         27 88.033081            0 
            8           128           500             0             1         28 88.140015            0 
            8           128           500             0             1         29 86.746948            0 
            8           128           500             0             1         30 87.042114            0 
            8           128           500             0             1         31 87.159058            0 
            8           128           500             0             1         32 87.613037            0 
            8           128           500             0             1         33 90.581909            0 
            8           128           500             0             1         34 88.135132            0 
            8           128           500             0             1         35 86.441162            0 
            8           128           500             0             1         36 87.958008            0 
            8           128           500             0             1         37 86.830078            0 
            8           128           500             0             1         38 87.813965            0 
            8           128           500             0             1         39 86.692017            0 
            8           128           500             0             1         40 88.517822            0 
            8           128           500             0             1         41 87.993042            0 
            8           128           500             0             1         42 86.312988            0 
            8           128           500             0             1         43 88.037842            0 
            8           128           500             0             1         44 87.728882            0 
            8           128           500             0             1         45 87.187988            0 
            8           128           500             0             1         46 87.369019            0 
            8           128           500             0             1         47 86.994995            0 
            8           128           500             0             1         48 89.402832            0 
            8           128           500             0             1         49 87.161987            0 
            8           128           500             0             1         50 87.371948            0 
            8           128           500             0             1         51 87.664917            0 
            8           128           500             0             1         52 88.661011            0 
            8           128           500             0             1         53 86.944092            0 
            8           128           500             0             1         54 87.525879            0 
            8           128           500             0             1         55 87.184082            0 
            8           128           500             0             1         56 91.845703            0 
            8           128           500             0             1         57 87.240967            0 
            8           128           500             0             1         58 88.705933            0 
            8           128           500             0             1         59 88.437988            0 
            8           128           500             0             1         60 87.280029            0 
            8           128           500             0             1         61 87.422974            0 
            8           128           500             0             1         62 88.122070            0 
            8           128           500             0             1         63 87.435059            0 
            8           128           500             0             1         64 87.802979            0 
            8           128           500             0             1         65 86.472046            0 
            8           128           500             0             1         66 87.778931            0 
            8           128           500             0             1         67 87.027954            0 
            8           128           500             0             1         68 87.652100            0 
            8           128           500             0             1         69 87.397949            0 
            8           128           500             0             1         70 87.019043            0 
            8           128           500             0             1         71 88.616943            0 
            8           128           500             0             1         72 86.862061            0 
            8           128           500             0             1         73 87.348022            0 
            8           128           500             0             1         74 92.545776            0 
            8           128           500             0             1         75 87.406982            0 
            8           128           500             0             1         76 87.530884            0 
            8           128           500             0             1         77 87.124023            0 
            8           128           500             0             1         78 87.792969            0 
            8           128           500             0             1         79 86.934082            0 
            8           128           500             0             1         80 87.455933            0 
            8           128           500             0             1         81 86.581055            0 
            8           128           500             0             1         82 90.978882            0 
            8           128           500             0             1         83 87.458008            0 
            8           128           500             0             1         84 88.133911            0 
            8           128           500             0             1         85 87.047974            0 
            8           128           500             0             1         86 88.897949            0 
            8           128           500             0             1         87 87.042114            0 
            8           128           500             0             1         88 88.453979            0 
            8           128           500             0             1         89 88.737915            0 
            8           128           500             0             1         90 90.429688            0 
            8           128           500             0             1         91 88.467896            0 
            8           128           500             0             1         92 90.621826            0 
            8           128           500             0             1         93 88.600952            0 
            8           128           500             0             1         94 86.602051            0 
            8           128           500             0             1         95 88.276001            0 
            8           128           500             0             1         96 88.213867            0 
            8           128           500             0             1         97 87.107056            0 
            8           128           500             0             1         98 90.303955            0 
            8           128           500             0             1         99 88.322021            0 
            8           128           500             0             1        100 86.927002            0 
            8           128           500             0             1        101 87.208008            0 
            8           128           500             0             1        102 88.703735            0 
            8           128           500             0             1        103 88.623901            0 
            8           128           500             0             1        104 88.419922            0 
            8           128           500             0             1        105 87.178955            0 
            8           128           500             0             1        106 88.969849            0 
            8           128           500             0             1        107 87.643066            0 
            8           128           500             0             1        108 90.713745            0 
            8           128           500             0             1        109 87.052002            0 
            8           128           500             0             1        110 87.297119            0 
            8           128           500             0             1        111 86.243042            0 
            8           128           500             0             1        112 89.810791            0 
            8           128           500             0             1        113 86.436035            0 
            8           128           500             0             1        114 88.561035            0 
            8           128           500             0             1        115 89.098877            0 
            8           128           500             0             1        116 87.746094            0 
            8           128           500             0             1        117 86.391113            0 
            8           128           500             0             1        118 89.512939            0 
            8           128           500             0             1        119 86.100220            0 
            8           128           500             0             1        120 87.793945            0 
            8           128           500             0             1        121 86.820068            0 
            8           128           500             0             1        122 86.750122            0 
            8           128           500             0             1        123 88.522949            0 
            8           128           500             0             1        124 90.876709            0 
            8           128           500             0             1        125 87.374023            0 
            8           128           500             0             1        126 86.817139            0 
            8           128           500             0             1        127 85.875122            0 
            8           128           500             0             1        128 88.020996            0 
            8           128           500             0             1        129 86.426025            0 
            8           128           500             0             1        130 86.013062            0 
            8           128           500             0             1        131 87.195923            0 
            8           128           500             0             1        132 86.262085            0 
            8           128           500             0             1        133 87.997070            0 
            8           128           500             0             1        134 87.236084            0 
            8           128           500             0             1        135 86.432129            0 
            8           128           500             0             1        136 90.409668            0 
            8           128           500             0             1        137 87.423828            0 
            8           128           500             0             1        138 91.444580            0 
            8           128           500             0             1        139 86.753052            0 
            8           128           500             0             1        140 90.371948            0 
            8           128           500             0             1        141 86.842163            0 
            8           128           500             0             1        142 89.481812            0 
            8           128           500             0             1        143 86.691162            0 
            8           128           500             0             1        144 88.857788            0 
            8           128           500             0             1        145 86.442139            0 
            8           128           500             0             1        146 86.911011            0 
            8           128           500             0             1        147 86.823975            0 
            8           128           500             0             1        148 86.553101            0 
            8           128           500             0             1        149 86.868042            0 
            8           128           500             0             1        150 87.291016            0 
            8           128           500             0             1        151 86.434082            0 
            8           128           500             0             1        152 86.578979            0 
            8           128           500             0             1        153 86.140137            0 
            8           128           500             0             1        154 86.007202            0 
            8           128           500             0             1        155 87.562012            0 
            8           128           500             0             1        156 86.890137            0 
            8           128           500             0             1        157 88.276978            0 
            8           128           500             0             1        158 87.063965            0 
            8           128           500             0             1        159 87.270020            0 
            8           128           500             0             1        160 87.123047            0 
            8           128           500             0             1        161 87.832886            0 
            8           128           500             0             1        162 87.346924            0 
            8           128           500             0             1        163 87.332886            0 
            8           128           500             0             1        164 86.413086            0 
            8           128           500             0             1        165 86.038086            0 
            8           128           500             0             1        166 87.106079            0 
            8           128           500             0             1        167 87.083008            0 
            8           128           500             0             1        168 87.876099            0 
            8           128           500             0             1        169 87.480835            0 
            8           128           500             0             1        170 87.109985            0 
            8           128           500             0             1        171 87.003052            0 
            8           128           500             0             1        172 88.761963            0 
            8           128           500             0             1        173 87.427124            0 
            8           128           500             0             1        174 86.532959            0 
            8           128           500             0             1        175 87.632935            0 
            8           128           500             0             1        176 86.529053            0 
            8           128           500             0             1        177 86.539062            0 
            8           128           500             0             1        178 87.616943            0 
            8           128           500             0             1        179 87.316040            0 
            8           128           500             0             1        180 87.936890            0 
            8           128           500             0             1        181 86.606079            0 
            8           128           500             0             1        182 88.097900            0 
            8           128           500             0             1        183 86.064209            0 
            8           128           500             0             1        184 87.193970            0 
            8           128           500             0             1        185 86.982178            0 
            8           128           500             0             1        186 87.558960            0 
            8           128           500             0             1        187 86.262085            0 
            8           128           500             0             1        188 87.714966            0 
            8           128           500             0             1        189 86.580078            0 
            8           128           500             0             1        190 87.223145            0 
            8           128           500             0             1        191 86.661133            0 
            8           128           500             0             1        192 86.714966            0 
            8           128           500             0             1        193 87.023071            0 
            8           128           500             0             1        194 87.590088            0 
            8           128           500             0             1        195 87.221191            0 
            8           128           500             0             1        196 85.590088            0 
            8           128           500             0             1        197 86.472168            0 
            8           128           500             0             1        198 87.037109            0 
            8           128           500             0             1        199 86.154175            0 
            8           128           500             0             1        200 86.690063            0 
            8           128           500             0             1        201 87.787964            0 
            8           128           500             0             1        202 87.989990            0 
            8           128           500             0             1        203 87.526001            0 
            8           128           500             0             1        204 87.848999            0 
            8           128           500             0             1        205 86.212036            0 
            8           128           500             0             1        206 86.468018            0 
            8           128           500             0             1        207 86.947021            0 
            8           128           500             0             1        208 86.672974            0 
            8           128           500             0             1        209 86.741089            0 
            8           128           500             0             1        210 87.681030            0 
            8           128           500             0             1        211 86.544067            0 
            8           128           500             0             1        212 88.016968            0 
            8           128           500             0             1        213 86.964111            0 
            8           128           500             0             1        214 88.235107            0 
            8           128           500             0             1        215 86.742065            0 
            8           128           500             0             1        216 86.411011            0 
            8           128           500             0             1        217 85.799194            0 
            8           128           500             0             1        218 87.532959            0 
            8           128           500             0             1        219 86.712158            0 
            8           128           500             0             1        220 86.534180            0 
            8           128           500             0             1        221 86.695068            0 
            8           128           500             0             1        222 86.643066            0 
            8           128           500             0             1        223 86.905029            0 
            8           128           500             0             1        224 87.049927            0 
            8           128           500             0             1        225 87.718018            0 
            8           128           500             0             1        226 87.547119            0 
            8           128           500             0             1        227 85.426270            0 
            8           128           500             0             1        228 88.263916            0 
            8           128           500             0             1        229 87.156128            1 
            8           128           500             0             1        230 87.561035            0 
            8           128           500             0             1        231 86.989014            0 
            8           128           500             0             1        232 87.300049            0 
            8           128           500             0             1        233 87.132935            0 
            8           128           500             0             1        234 87.125000            0 
            8           128           500             0             1        235 87.372070            0 
            8           128           500             0             1        236 87.362915            0 
            8           128           500             0             1        237 86.126099            0 
            8           128           500             0             1        238 87.777954            0 
            8           128           500             0             1        239 86.890015            0 
            8           128           500             0             1        240 87.427979            0 
            8           128           500             0             1        241 86.614014            0 
            8           128           500             0             1        242 86.374023            0 
            8           128           500             0             1        243 87.498047            0 
            8           128           500             0             1        244 87.576050            0 
            8           128           500             0             1        245 86.118164            0 
            8           128           500             0             1        246 92.027710            0 
            8           128           500             0             1        247 87.868042            0 
            8           128           500             0             1        248 88.418823            0 
            8           128           500             0             1        249 86.347046            0 
            8           128           500             0             1        250 86.515015            0 
            8           128           500             0             1        251 86.841064            0 
            8           128           500             0             1        252 87.733032            0 
            8           128           500             0             1        253 86.330200            0 
            8           128           500             0             1        254 87.685181            0 
            8           128           500             0             1        255 86.477051            0 
            8           128           500             0             1        256 87.210205            4 
            8           128           500             0             1        257 86.986084            0 
            8           128           500             0             1        258 87.846924            0 
            8           128           500             0             1        259 86.567139            0 
            8           128           500             0             1        260 87.421143            0 
            8           128           500             0             1        261 87.568115            0 
            8           128           500             0             1        262 88.013062            0 
            8           128           500             0             1        263 85.998169            0 
            8           128           500             0             1        264 87.535034            0 
            8           128           500             0             1        265 86.804932            0 
            8           128           500             0             1        266 87.710938            0 
            8           128           500             0             1        267 86.496094            0 
            8           128           500             0             1        268 91.641846            0 
            8           128           500             0             1        269 86.224121            0 
            8           128           500             0             1        270 89.110962            0 
            8           128           500             0             1        271 86.082153            0 
            8           128           500             0             1        272 86.580933            0 
            8           128           500             0             1        273 86.546997            0 
            8           128           500             0             1        274 90.437866            0 
            8           128           500             0             1        275 86.784058            0 
            8           128           500             0             1        276 85.745117            0 
            8           128           500             0             1        277 87.172974            0 
            8           128           500             0             1        278 88.273926            0 
            8           128           500             0             1        279 86.872070            0 
            8           128           500             0             1        280 87.394043            0 
            8           128           500             0             1        281 86.237061            0 
            8           128           500             0             1        282 87.940918            0 
            8           128           500             0             1        283 86.205078            0 
            8           128           500             0             1        284 86.130127            0 
            8           128           500             0             1        285 87.035156            0 
            8           128           500             0             1        286 86.484009            0 
            8           128           500             0             1        287 87.524902            0 
            8           128           500             0             1        288 87.328979            0 
            8           128           500             0             1        289 86.954956            0 
            8           128           500             0             1        290 87.451904            0 
            8           128           500             0             1        291 86.536133            0 
            8           128           500             0             1        292 87.130127            0 
            8           128           500             0             1        293 86.968994            0 
            8           128           500             0             1        294 87.606934            0 
            8           128           500             0             1        295 87.071045            0 
            8           128           500             0             1        296 86.316040            0 
            8           128           500             0             1        297 86.800049            0 
            8           128           500             0             1        298 86.779053            0 
            8           128           500             0             1        299 87.177002            0 
            8           128           500             0             1        300 88.339844            0 
            8           128           500             0             1        301 86.928101            0 
            8           128           500             0             1        302 87.279053            0 
            8           128           500             0             1        303 86.825073            0 
            8           128           500             0             1        304 86.871094            0 
            8           128           500             0             1        305 87.779907            0 
            8           128           500             0             1        306 86.415039            0 
            8           128           500             0             1        307 86.375122            0 
            8           128           500             0             1        308 87.531982            0 
            8           128           500             0             1        309 86.677002            0 
            8           128           500             0             1        310 87.313965            0 
            8           128           500             0             1        311 86.286011            0 
            8           128           500             0             1        312 86.127197            0 
            8           128           500             0             1        313 87.343018            0 
            8           128           500             0             1        314 86.687012            0 
            8           128           500             0             1        315 86.328003            0 
            8           128           500             0             1        316 87.406982            0 
            8           128           500             0             1        317 87.147949            0 
            8           128           500             0             1        318 86.822144            0 
            8           128           500             0             1        319 86.700073            0 
            8           128           500             0             1        320 88.143066            0 
            8           128           500             0             1        321 86.203125            0 
            8           128           500             0             1        322 87.711060            0 
            8           128           500             0             1        323 87.183105            0 
            8           128           500             0             1        324 87.687134            0 
            8           128           500             0             1        325 86.500977            0 
            8           128           500             0             1        326 86.687134            0 
            8           128           500             0             1        327 86.758911            0 
            8           128           500             0             1        328 86.900024            0 
            8           128           500             0             1        329 86.921997            0 
            8           128           500             0             1        330 87.238037            0 
            8           128           500             0             1        331 87.458984            0 
            8           128           500             0             1        332 87.124146            0 
            8           128           500             0             1        333 86.685059            0 
            8           128           500             0             1        334 86.571045            0 
            8           128           500             0             1        335 86.224121            0 
            8           128           500             0             1        336 88.012939            0 
            8           128           500             0             1        337 86.906128            0 
            8           128           500             0             1        338 87.500000            0 
            8           128           500             0             1        339 86.827148            0 
            8           128           500             0             1        340 87.161011            0 
            8           128           500             0             1        341 86.512085            0 
            8           128           500             0             1        342 87.317017            0 
            8           128           500             0             1        343 86.082031            0 
            8           128           500             0             1        344 87.600098            0 
            8           128           500             0             1        345 87.081909            0 
            8           128           500             0             1        346 87.361938            0 
            8           128           500             0             1        347 86.029175            0 
            8           128           500             0             1        348 87.435059            0 
            8           128           500             0             1        349 86.445190            0 
            8           128           500             0             1        350 86.751099            0 
            8           128           500             0             1        351 86.605103            0 
            8           128           500             0             1        352 86.712158            0 
            8           128           500             0             1        353 86.880005            0 
            8           128           500             0             1        354 86.814087            0 
            8           128           500             0             1        355 87.021973            0 
            8           128           500             0             1        356 87.549072            0 
            8           128           500             0             1        357 87.114990            0 
            8           128           500             0             1        358 86.421021            0 
            8           128           500             0             1        359 86.926025            0 
            8           128           500             0             1        360 86.740112            0 
            8           128           500             0             1        361 86.737061            0 
            8           128           500             0             1        362 87.075073            0 
            8           128           500             0             1        363 87.229004            0 
            8           128           500             0             1        364 88.632080            0 
            8           128           500             0             1        365 85.966064            0 
            8           128           500             0             1        366 86.711060            0 
            8           128           500             0             1        367 86.301147            0 
            8           128           500             0             1        368 86.837158            0 
            8           128           500             0             1        369 87.964966            0 
            8           128           500             0             1        370 86.750122            0 
            8           128           500             0             1        371 86.760132            0 
            8           128           500             0             1        372 87.081055            0 
            8           128           500             0             1        373 87.776978            0 
            8           128           500             0             1        374 86.770020            0 
            8           128           500             0             1        375 87.957886            0 
            8           128           500             0             1        376 86.104248            0 
            8           128           500             0             1        377 86.937134            0 
            8           128           500             0             1        378 86.743164            0 
            8           128           500             0             1        379 87.044067            0 
            8           128           500             0             1        380 85.875122            0 
            8           128           500             0             1        381 85.944214            0 
            8           128           500             0             1        382 86.726074            0 
            8           128           500             0             1        383 85.947021            0 
            8           128           500             0             1        384 87.503052            0 
            8           128           500             0             1        385 87.392090            0 
            8           128           500             0             1        386 86.652100            0 
            8           128           500             0             1        387 87.309937            0 
            8           128           500             0             1        388 87.111084            0 
            8           128           500             0             1        389 87.287109            0 
            8           128           500             0             1        390 87.988037            0 
            8           128           500             0             1        391 86.263062            0 
            8           128           500             0             1        392 87.186035            0 
            8           128           500             0             1        393 85.942139            0 
            8           128           500             0             1        394 86.992065            0 
            8           128           500             0             1        395 86.979980            0 
            8           128           500             0             1        396 85.743042            0 
            8           128           500             0             1        397 86.371948            0 
            8           128           500             0             1        398 86.581055            0 
            8           128           500             0             1        399 86.926025            0 
            8           128           500             0             1        400 88.812866            0 
            8           128           500             0             1        401 86.697998            0 
            8           128           500             0             1        402 86.096069            0 
            8           128           500             0             1        403 86.721191            0 
            8           128           500             0             1        404 88.109985            0 
            8           128           500             0             1        405 86.844116            0 
            8           128           500             0             1        406 87.587036            0 
            8           128           500             0             1        407 87.560913            0 
            8           128           500             0             1        408 85.829102            0 
            8           128           500             0             1        409 86.379150            0 
            8           128           500             0             1        410 86.886963            0 
            8           128           500             0             1        411 86.248169            0 
            8           128           500             0             1        412 86.703125            0 
            8           128           500             0             1        413 86.959106            0 
            8           128           500             0             1        414 88.037842            0 
            8           128           500             0             1        415 86.911011            0 
            8           128           500             0             1        416 86.506958            0 
            8           128           500             0             1        417 86.791992            0 
            8           128           500             0             1        418 87.401978            0 
            8           128           500             0             1        419 86.630005            0 
            8           128           500             0             1        420 87.755981            0 
            8           128           500             0             1        421 87.296997            0 
            8           128           500             0             1        422 88.636841            0 
            8           128           500             0             1        423 87.214966            0 
            8           128           500             0             1        424 86.879028            0 
            8           128           500             0             1        425 86.467163            0 
            8           128           500             0             1        426 86.319092            0 
            8           128           500             0             1        427 86.131104            0 
            8           128           500             0             1        428 86.784058            0 
            8           128           500             0             1        429 86.418091            0 
            8           128           500             0             1        430 88.817993            0 
            8           128           500             0             1        431 86.292114            0 
            8           128           500             0             1        432 86.543091            0 
            8           128           500             0             1        433 86.183105            0 
            8           128           500             0             1        434 85.786133            0 
            8           128           500             0             1        435 86.885132            0 
            8           128           500             0             1        436 87.384033            0 
            8           128           500             0             1        437 87.304199            0 
            8           128           500             0             1        438 86.864990            0 
            8           128           500             0             1        439 86.624146            0 
            8           128           500             0             1        440 86.941040            0 
            8           128           500             0             1        441 87.036011            0 
            8           128           500             0             1        442 86.981079            0 
            8           128           500             0             1        443 86.274048            0 
            8           128           500             0             1        444 86.806152            0 
            8           128           500             0             1        445 86.139160            0 
            8           128           500             0             1        446 88.488892            0 
            8           128           500             0             1        447 86.727051            0 
            8           128           500             0             1        448 86.723999            0 
            8           128           500             0             1        449 87.351074            0 
            8           128           500             0             1        450 87.484863            0 
            8           128           500             0             1        451 87.539185            0 
            8           128           500             0             1        452 86.953003            0 
            8           128           500             0             1        453 85.850098            0 
            8           128           500             0             1        454 87.520020            0 
            8           128           500             0             1        455 87.489990            0 
            8           128           500             0             1        456 87.823120            0 
            8           128           500             0             1        457 86.297119            0 
            8           128           500             0             1        458 87.709961            0 
            8           128           500             0             1        459 86.857056            0 
            8           128           500             0             1        460 87.077026            0 
            8           128           500             0             1        461 88.115967            0 
            8           128           500             0             1        462 87.704102            0 
            8           128           500             0             1        463 87.320923            0 
            8           128           500             0             1        464 86.955078            0 
            8           128           500             0             1        465 86.431030            0 
            8           128           500             0             1        466 87.641968            0 
            8           128           500             0             1        467 87.319092            0 
            8           128           500             0             1        468 86.278076            0 
            8           128           500             0             1        469 87.517944            0 
            8           128           500             0             1        470 87.745972            0 
            8           128           500             0             1        471 87.013184            0 
            8           128           500             0             1        472 86.861084            0 
            8           128           500             0             1        473 87.767090            0 
            8           128           500             0             1        474 87.169067            0 
            8           128           500             0             1        475 87.502075            0 
            8           128           500             0             1        476 86.405151            0 
            8           128           500             0             1        477 87.186035            0 
            8           128           500             0             1        478 97.296387            0 
            8           128           500             0             1        479 87.442017            0 
            8           128           500             0             1        480 88.921753            0 
            8           128           500             0             1        481 86.802124            0 
            8           128           500             0             1        482 87.922119            0 
            8           128           500             0             1        483 86.854126            0 
            8           128           500             0             1        484 86.681030            0 
            8           128           500             0             1        485 86.680054            0 
            8           128           500             0             1        486 87.231079            0 
            8           128           500             0             1        487 87.685059            0 
            8           128           500             0             1        488 86.682983            0 
            8           128           500             0             1        489 86.592041            0 
            8           128           500             0             1        490 86.978882            0 
            8           128           500             0             1        491 85.966064            0 
            8           128           500             0             1        492 86.834106            0 
            8           128           500             0             1        493 86.587158            1 
            8           128           500             0             1        494 86.560059            0 
            8           128           500             0             1        495 85.397095            0 
            8           128           500             0             1        496 87.662964            0 
            8           128           500             0             1        497 86.645996            0 
            8           128           500             0             1        498 87.371948            0 
            8           128           500             0             1        499 87.236084            0 
# Runtime: 1.862704 s (overhead: 0.000322 %) 500 records
