# Execution time and date (UTC): Fri Aug  9 15:27:14 2024
# Execution time and date (local): Fri Aug  9 18:27:14 2024
# MPI execution on rank 0 with 2 processes in world
# Reported time measurements are in microseconds
# pretty output format
     msg_size  window_size         runs   recv_index    num_peers       id         time     overhead 
            8           128           500             0             1          0 116.170044            0 
            8           128           500             0             1          1 119.032959            0 
            8           128           500             0             1          2 110.741455            0 
            8           128           500             0             1          3 118.611938            0 
            8           128           500             0             1          4 114.564209            0 
            8           128           500             0             1          5 117.615967            0 
            8           128           500             0             1          6 111.591431            0 
            8           128           500             0             1          7 118.521973            0 
            8           128           500             0             1          8 111.653442            0 
            8           128           500             0             1          9 114.368164            0 
            8           128           500             0             1         10 110.460449            0 
            8           128           500             0             1         11 116.691040            0 
            8           128           500             0             1         12 110.664429            0 
            8           128           500             0             1         13 117.446899            0 
            8           128           500             0             1         14 111.072388            0 
            8           128           500             0             1         15 117.192017            0 
            8           128           500             0             1         16 110.076538            0 
            8           128           500             0             1         17 118.300903            0 
            8           128           500             0             1         18 110.300415            0 
            8           128           500             0             1         19 115.350220            0 
            8           128           500             0             1         20 110.272461            0 
            8           128           500             0             1         21 117.892822            0 
            8           128           500             0             1         22 111.100464            0 
            8           128           500             0             1         23 116.542114            0 
            8           128           500             0             1         24 110.346558            0 
            8           128           500             0             1         25 119.884888            0 
            8           128           500             0             1         26 110.223511            0 
            8           128           500             0             1         27 117.857910            0 
            8           128           500             0             1         28 110.157593            0 
            8           128           500             0             1         29 121.338623            0 
            8           128           500             0             1         30 111.708374            0 
            8           128           500             0             1         31 118.360962            0 
            8           128           500             0             1         32 110.671509            0 
            8           128           500             0             1         33 118.135986            0 
            8           128           500             0             1         34 111.119385            0 
            8           128           500             0             1         35 118.592041            0 
            8           128           500             0             1         36 110.103394            0 
            8           128           500             0             1         37 119.797974            0 
            8           128           500             0             1         38 110.859375            0 
            8           128           500             0             1         39 119.249756            0 
            8           128           500             0             1         40 111.461304            0 
            8           128           500             0             1         41 118.298950            0 
            8           128           500             0             1         42 110.454468            0 
            8           128           500             0             1         43 116.071045            0 
            8           128           500             0             1         44 110.373413            0 
            8           128           500             0             1         45 116.392212            0 
            8           128           500             0             1         46 110.266479            0 
            8           128           500             0             1         47 119.220825            0 
            8           128           500             0             1         48 111.168335            0 
            8           128           500             0             1         49 116.530151            0 
            8           128           500             0             1         50 111.160278            0 
            8           128           500             0             1         51 118.722778            0 
            8           128           500             0             1         52 110.787476            0 
            8           128           500             0             1         53 118.878906            0 
            8           128           500             0             1         54 111.465454            0 
            8           128           500             0             1         55 117.085083            0 
            8           128           500             0             1         56 111.196411            0 
            8           128           500             0             1         57 118.402954            0 
            8           128           500             0             1         58 111.125488            0 
            8           128           500             0             1         59 119.064819            0 
            8           128           500             0             1         60 111.802368            0 
            8           128           500             0             1         61 119.279785            0 
            8           128           500             0             1         62 110.806396            0 
            8           128           500             0             1         63 118.241943            0 
            8           128           500             0             1         64 110.946411            0 
            8           128           500             0             1         65 117.338013            0 
            8           128           500             0             1         66 110.243652            0 
            8           128           500             0             1         67 119.388672            0 
            8           128           500             0             1         68 110.268433            0 
            8           128           500             0             1         69 119.133789            0 
            8           128           500             0             1         70 111.099487            0 
            8           128           500             0             1         71 118.940918            0 
            8           128           500             0             1         72 111.103516            0 
            8           128           500             0             1         73 118.338867            0 
            8           128           500             0             1         74 110.395386            0 
            8           128           500             0             1         75 117.869019            0 
            8           128           500             0             1         76 110.391479            0 
            8           128           500             0             1         77 119.018921            0 
            8           128           500             0             1         78 110.871338            0 
            8           128           500             0             1         79 118.459839            0 
            8           128           500             0             1         80 111.317383            0 
            8           128           500             0             1         81 117.161987            0 
            8           128           500             0             1         82 110.574463            0 
            8           128           500             0             1         83 117.843872            0 
            8           128           500             0             1         84 110.314453            0 
            8           128           500             0             1         85 118.790771            0 
            8           128           500             0             1         86 111.304443            0 
            8           128           500             0             1         87 116.784058            0 
            8           128           500             0             1         88 111.279297            0 
            8           128           500             0             1         89 117.080933            0 
            8           128           500             0             1         90 110.582397            0 
            8           128           500             0             1         91 117.847046            0 
            8           128           500             0             1         92 111.120361            0 
            8           128           500             0             1         93 116.813110            0 
            8           128           500             0             1         94 111.485352            0 
            8           128           500             0             1         95 116.851196            0 
            8           128           500             0             1         96 110.686401            0 
            8           128           500             0             1         97 116.818115            0 
            8           128           500             0             1         98 111.090454            0 
            8           128           500             0             1         99 118.736816            0 
            8           128           500             0             1        100 110.769531            0 
            8           128           500             0             1        101 117.760864            0 
            8           128           500             0             1        102 110.147461            0 
            8           128           500             0             1        103 116.604126            0 
            8           128           500             0             1        104 110.511475            0 
            8           128           500             0             1        105 118.292847            0 
            8           128           500             0             1        106 110.969360            0 
            8           128           500             0             1        107 118.640869            0 
            8           128           500             0             1        108 111.443481            0 
            8           128           500             0             1        109 119.383911            0 
            8           128           500             0             1        110 111.334595            0 
            8           128           500             0             1        111 116.816162            0 
            8           128           500             0             1        112 111.023315            0 
            8           128           500             0             1        113 118.268921            0 
            8           128           500             0             1        114 111.752319            0 
            8           128           500             0             1        115 117.425903            0 
            8           128           500             0             1        116 111.072388            0 
            8           128           500             0             1        117 117.944946            0 
            8           128           500             0             1        118 110.298584            0 
            8           128           500             0             1        119 120.605713            0 
            8           128           500             0             1        120 111.308472            0 
            8           128           500             0             1        121 119.684814            0 
            8           128           500             0             1        122 111.719360            0 
            8           128           500             0             1        123 117.169922            0 
            8           128           500             0             1        124 110.828369            0 
            8           128           500             0             1        125 117.994873            0 
            8           128           500             0             1        126 111.237427            0 
            8           128           500             0             1        127 119.272827            0 
            8           128           500             0             1        128 111.223389            0 
            8           128           500             0             1        129 118.793823            0 
            8           128           500             0             1        130 110.434326            0 
            8           128           500             0             1        131 118.865967            0 
            8           128           500             0             1        132 111.336304            0 
            8           128           500             0             1        133 117.501953            0 
            8           128           500             0             1        134 111.375488            0 
            8           128           500             0             1        135 116.488037            0 
            8           128           500             0             1        136 110.788574            0 
            8           128           500             0             1        137 118.838745            0 
            8           128           500             0             1        138 111.194458            0 
            8           128           500             0             1        139 119.277832            0 
            8           128           500             0             1        140 111.519287            0 
            8           128           500             0             1        141 118.829956            0 
            8           128           500             0             1        142 110.409546            0 
            8           128           500             0             1        143 118.836792            0 
            8           128           500             0             1        144 111.154419            0 
            8           128           500             0             1        145 119.290894            0 
            8           128           500             0             1        146 110.923340            0 
            8           128           500             0             1        147 117.770996            0 
            8           128           500             0             1        148 110.285400            0 
            8           128           500             0             1        149 118.116943            0 
            8           128           500             0             1        150 110.986450            0 
            8           128           500             0             1        151 117.001099            0 
            8           128           500             0             1        152 110.917480            0 
            8           128           500             0             1        153 119.137695            0 
            8           128           500             0             1        154 110.756470            0 
            8           128           500             0             1        155 118.025879            0 
            8           128           500             0             1        156 110.835449            0 
            8           128           500             0             1        157 118.416992            0 
            8           128           500             0             1        158 110.507324            0 
            8           128           500             0             1        159 117.293945            0 
            8           128           500             0             1        160 110.518555            0 
            8           128           500             0             1        161 114.422241            0 
            8           128           500             0             1        162 110.592407            0 
            8           128           500             0             1        163 119.098877            0 
            8           128           500             0             1        164 111.147461            0 
            8           128           500             0             1        165 117.254028            0 
            8           128           500             0             1        166 109.612427            0 
            8           128           500             0             1        167 117.768921            0 
            8           128           500             0             1        168 110.816406            0 
            8           128           500             0             1        169 117.097046            0 
            8           128           500             0             1        170 111.010498            0 
            8           128           500             0             1        171 117.091064            0 
            8           128           500             0             1        172 110.458374            0 
            8           128           500             0             1        173 119.835815            0 
            8           128           500             0             1        174 110.929443            0 
            8           128           500             0             1        175 117.651001            0 
            8           128           500             0             1        176 111.531372            0 
            8           128           500             0             1        177 119.694702            0 
            8           128           500             0             1        178 110.965454            0 
            8           128           500             0             1        179 118.849976            0 
            8           128           500             0             1        180 110.442505            0 
            8           128           500             0             1        181 118.843018            0 
            8           128           500             0             1        182 110.480591            0 
            8           128           500             0             1        183 117.473877            0 
            8           128           500             0             1        184 110.568481            0 
            8           128           500             0             1        185 114.764160            0 
            8           128           500             0             1        186 110.108398            0 
            8           128           500             0             1        187 118.028931            0 
            8           128           500             0             1        188 111.026489            0 
            8           128           500             0             1        189 118.154907            0 
            8           128           500             0             1        190 110.488525            0 
            8           128           500             0             1        191 118.387939            0 
            8           128           500             0             1        192 110.640381            0 
            8           128           500             0             1        193 117.643921            0 
            8           128           500             0             1        194 110.609375            0 
            8           128           500             0             1        195 117.036865            0 
            8           128           500             0             1        196 110.263550            0 
            8           128           500             0             1        197 118.903931            0 
            8           128           500             0             1        198 111.132446            0 
            8           128           500             0             1        199 119.188843            0 
            8           128           500             0             1        200 111.188354            0 
            8           128           500             0             1        201 117.656982            0 
            8           128           500             0             1        202 110.300415            0 
            8           128           500             0             1        203 118.202881            0 
            8           128           500             0             1        204 111.470459            0 
            8           128           500             0             1        205 119.977905            0 
            8           128           500             0             1        206 110.932495            0 
            8           128           500             0             1        207 117.098022            0 
            8           128           500             0             1        208 110.897461            0 
            8           128           500             0             1        209 116.615967            0 
            8           128           500             0             1        210 110.903442            0 
            8           128           500             0             1        211 118.092041            0 
            8           128           500             0             1        212 110.585327            0 
            8           128           500             0             1        213 117.810913            0 
            8           128           500             0             1        214 110.736450            0 
            8           128           500             0             1        215 118.287964            0 
            8           128           500             0             1        216 110.516357            0 
            8           128           500             0             1        217 118.958008            0 
            8           128           500             0             1        218 110.750366            0 
            8           128           500             0             1        219 118.335938            0 
            8           128           500             0             1        220 110.966431            0 
            8           128           500             0             1        221 118.945923            0 
            8           128           500             0             1        222 110.767456            0 
            8           128           500             0             1        223 118.468994            0 
            8           128           500             0             1        224 110.659424            0 
            8           128           500             0             1        225 118.040894            0 
            8           128           500             0             1        226 111.349487            0 
            8           128           500             0             1        227 117.464966            0 
            8           128           500             0             1        228 110.945557            0 
            8           128           500             0             1        229 116.984009            0 
            8           128           500             0             1        230 110.369507            0 
            8           128           500             0             1        231 119.024902            0 
            8           128           500             0             1        232 111.659302            0 
            8           128           500             0             1        233 117.227051            0 
            8           128           500             0             1        234 110.104492            0 
            8           128           500             0             1        235 116.585083            0 
            8           128           500             0             1        236 111.205444            0 
            8           128           500             0             1        237 118.075928            0 
            8           128           500             0             1        238 111.338501            0 
            8           128           500             0             1        239 119.456909            0 
            8           128           500             0             1        240 111.397461            0 
            8           128           500             0             1        241 118.505005            0 
            8           128           500             0             1        242 111.034302            0 
            8           128           500             0             1        243 118.483887            0 
            8           128           500             0             1        244 111.024414            0 
            8           128           500             0             1        245 117.850098            0 
            8           128           500             0             1        246 111.525391            0 
            8           128           500             0             1        247 116.098022            0 
            8           128           500             0             1        248 111.459473            0 
            8           128           500             0             1        249 118.343994            0 
            8           128           500             0             1        250 110.534424            0 
            8           128           500             0             1        251 116.925903            0 
            8           128           500             0             1        252 111.750366            0 
            8           128           500             0             1        253 119.704712            0 
            8           128           500             0             1        254 111.076416            0 
            8           128           500             0             1        255 117.242065            0 
            8           128           500             0             1        256 111.667358            3 
            8           128           500             0             1        257 117.854980            0 
            8           128           500             0             1        258 110.566528            0 
            8           128           500             0             1        259 119.150879            0 
            8           128           500             0             1        260 111.638550            0 
            8           128           500             0             1        261 117.147949            0 
            8           128           500             0             1        262 110.619507            0 
            8           128           500             0             1        263 118.739990            0 
            8           128           500             0             1        264 110.779419            0 
            8           128           500             0             1        265 119.182861            0 
            8           128           500             0             1        266 111.463379            0 
            8           128           500             0             1        267 117.109985            0 
            8           128           500             0             1        268 109.854492            0 
            8           128           500             0             1        269 118.266968            0 
            8           128           500             0             1        270 111.548340            0 
            8           128           500             0             1        271 116.367920            0 
            8           128           500             0             1        272 110.836426            0 
            8           128           500             0             1        273 117.708862            0 
            8           128           500             0             1        274 109.905396            0 
            8           128           500             0             1        275 117.883911            0 
            8           128           500             0             1        276 111.390381            0 
            8           128           500             0             1        277 119.533813            0 
            8           128           500             0             1        278 110.727417            0 
            8           128           500             0             1        279 117.521973            0 
            8           128           500             0             1        280 110.302368            0 
            8           128           500             0             1        281 116.779053            0 
            8           128           500             0             1        282 111.094360            0 
            8           128           500             0             1        283 118.977783            0 
            8           128           500             0             1        284 110.758423            0 
            8           128           500             0             1        285 118.074951            0 
            8           128           500             0             1        286 110.806396            0 
            8           128           500             0             1        287 118.195923            0 
            8           128           500             0             1        288 110.925537            0 
            8           128           500             0             1        289 117.989868            0 
            8           128           500             0             1        290 111.031494            0 
            8           128           500             0             1        291 117.500000            0 
            8           128           500             0             1        292 111.166504            0 
            8           128           500             0             1        293 116.911133            0 
            8           128           500             0             1        294 110.731445            0 
            8           128           500             0             1        295 119.484863            0 
            8           128           500             0             1        296 110.554443            0 
            8           128           500             0             1        297 116.792114            0 
            8           128           500             0             1        298 110.822510            0 
            8           128           500             0             1        299 117.173950            0 
            8           128           500             0             1        300 110.383545            0 
            8           128           500             0             1        301 119.140991            0 
            8           128           500             0             1        302 111.277344            0 
            8           128           500             0             1        303 115.632935            0 
            8           128           500             0             1        304 110.846436            0 
            8           128           500             0             1        305 118.517944            0 
            8           128           500             0             1        306 110.806519            0 
            8           128           500             0             1        307 116.728027            0 
            8           128           500             0             1        308 110.765503            0 
            8           128           500             0             1        309 118.556885            0 
            8           128           500             0             1        310 110.890503            0 
            8           128           500             0             1        311 117.686035            0 
            8           128           500             0             1        312 110.488403            0 
            8           128           500             0             1        313 119.363892            0 
            8           128           500             0             1        314 110.704468            0 
            8           128           500             0             1        315 117.313110            0 
            8           128           500             0             1        316 111.140381            0 
            8           128           500             0             1        317 116.385010            0 
            8           128           500             0             1        318 110.777466            0 
            8           128           500             0             1        319 116.838989            0 
            8           128           500             0             1        320 111.518433            0 
            8           128           500             0             1        321 117.251831            0 
            8           128           500             0             1        322 111.719482            0 
            8           128           500             0             1        323 118.946899            0 
            8           128           500             0             1        324 111.222290            0 
            8           128           500             0             1        325 117.358887            0 
            8           128           500             0             1        326 110.973389            0 
            8           128           500             0             1        327 118.355957            0 
            8           128           500             0             1        328 110.608398            0 
            8           128           500             0             1        329 117.972046            0 
            8           128           500             0             1        330 110.852295            0 
            8           128           500             0             1        331 118.324829            0 
            8           128           500             0             1        332 110.930420            0 
            8           128           500             0             1        333 118.069946            0 
            8           128           500             0             1        334 110.402344            0 
            8           128           500             0             1        335 119.793701            0 
            8           128           500             0             1        336 111.240356            0 
            8           128           500             0             1        337 117.452026            0 
            8           128           500             0             1        338 114.377319            0 
            8           128           500             0             1        339 119.127930            0 
            8           128           500             0             1        340 110.905396            0 
            8           128           500             0             1        341 117.221924            0 
            8           128           500             0             1        342 110.786377            0 
            8           128           500             0             1        343 117.873901            0 
            8           128           500             0             1        344 110.252441            0 
            8           128           500             0             1        345 118.742798            0 
            8           128           500             0             1        346 111.489258            0 
            8           128           500             0             1        347 118.985840            0 
            8           128           500             0             1        348 111.050415            0 
            8           128           500             0             1        349 117.332031            0 
            8           128           500             0             1        350 110.966431            0 
            8           128           500             0             1        351 117.604004            0 
            8           128           500             0             1        352 111.028442            0 
            8           128           500             0             1        353 117.384888            0 
            8           128           500             0             1        354 110.406494            0 
            8           128           500             0             1        355 119.498779            0 
            8           128           500             0             1        356 110.641357            0 
            8           128           500             0             1        357 117.448120            0 
            8           128           500             0             1        358 111.741333            0 
            8           128           500             0             1        359 117.580933            0 
            8           128           500             0             1        360 111.349243            0 
            8           128           500             0             1        361 116.706909            0 
            8           128           500             0             1        362 110.424438            0 
            8           128           500             0             1        363 118.674927            0 
            8           128           500             0             1        364 111.483398            0 
            8           128           500             0             1        365 115.357056            0 
            8           128           500             0             1        366 110.965454            0 
            8           128           500             0             1        367 117.507935            0 
            8           128           500             0             1        368 111.087280            0 
            8           128           500             0             1        369 116.838989            0 
            8           128           500             0             1        370 110.064331            0 
            8           128           500             0             1        371 117.439941            0 
            8           128           500             0             1        372 111.541382            0 
            8           128           500             0             1        373 117.756836            0 
            8           128           500             0             1        374 111.920288            0 
            8           128           500             0             1        375 118.557861            0 
            8           128           500             0             1        376 110.016602            0 
            8           128           500             0             1        377 116.783936            0 
            8           128           500             0             1        378 110.653320            0 
            8           128           500             0             1        379 119.398804            0 
            8           128           500             0             1        380 110.932373            0 
            8           128           500             0             1        381 118.014038            0 
            8           128           500             0             1        382 110.420532            0 
            8           128           500             0             1        383 120.940674            0 
            8           128           500             0             1        384 111.710449            0 
            8           128           500             0             1        385 119.016846            0 
            8           128           500             0             1        386 111.102417            0 
            8           128           500             0             1        387 117.474976            0 
            8           128           500             0             1        388 110.294434            0 
            8           128           500             0             1        389 117.495972            0 
            8           128           500             0             1        390 109.634399            0 
            8           128           500             0             1        391 117.895996            0 
            8           128           500             0             1        392 110.655518            0 
            8           128           500             0             1        393 118.074951            0 
            8           128           500             0             1        394 110.576416            0 
            8           128           500             0             1        395 119.832764            0 
            8           128           500             0             1        396 111.856445            0 
            8           128           500             0             1        397 115.831177            0 
            8           128           500             0             1        398 110.810425            0 
            8           128           500             0             1        399 114.252075            0 
            8           128           500             0             1        400 110.578491            0 
            8           128           500             0             1        401 118.288940            0 
            8           128           500             0             1        402 110.407349            0 
            8           128           500             0             1        403 116.073120            0 
            8           128           500             0             1        404 111.137451            0 
            8           128           500             0             1        405 116.818970            0 
            8           128           500             0             1        406 111.187256            0 
            8           128           500             0             1        407 117.793945            0 
            8           128           500             0             1        408 111.692383            0 
            8           128           500             0             1        409 118.529907            0 
            8           128           500             0             1        410 111.062378            0 
            8           128           500             0             1        411 117.066895            0 
            8           128           500             0             1        412 111.482422            0 
            8           128           500             0             1        413 118.893799            0 
            8           128           500             0             1        414 110.528564            0 
            8           128           500             0             1        415 117.417969            0 
            8           128           500             0             1        416 110.621460            0 
            8           128           500             0             1        417 118.832886            0 
            8           128           500             0             1        418 110.653442            0 
            8           128           500             0             1        419 119.253784            0 
            8           128           500             0             1        420 112.047363            0 
            8           128           500             0             1        421 118.000000            0 
            8           128           500             0             1        422 110.835449            0 
            8           128           500             0             1        423 118.417969            0 
            8           128           500             0             1        424 111.126343            0 
            8           128           500             0             1        425 117.867920            0 
            8           128           500             0             1        426 111.204346            0 
            8           128           500             0             1        427 118.030029            0 
            8           128           500             0             1        428 110.672363            0 
            8           128           500             0             1        429 117.182861            0 
            8           128           500             0             1        430 111.364502            0 
            8           128           500             0             1        431 116.008057            0 
            8           128           500             0             1        432 110.844482            0 
            8           128           500             0             1        433 117.948853            0 
            8           128           500             0             1        434 111.561401            0 
            8           128           500             0             1        435 118.001953            0 
            8           128           500             0             1        436 110.656494            0 
            8           128           500             0             1        437 118.114014            0 
            8           128           500             0             1        438 110.482544            0 
            8           128           500             0             1        439 117.706055            0 
            8           128           500             0             1        440 111.910400            0 
            8           128           500             0             1        441 117.957031            0 
            8           128           500             0             1        442 110.907349            0 
            8           128           500             0             1        443 117.934937            0 
            8           128           500             0             1        444 110.874390            0 
            8           128           500             0             1        445 116.107056            0 
            8           128           500             0             1        446 112.416382            0 
            8           128           500             0             1        447 119.149780            0 
            8           128           500             0             1        448 111.105469            0 
            8           128           500             0             1        449 118.740967            0 
            8           128           500             0             1        450 111.172363            0 
            8           128           500             0             1        451 118.441772            0 
            8           128           500             0             1        452 111.012329            0 
            8           128           500             0             1        453 117.033936            0 
            8           128           500             0             1        454 109.466553            0 
            8           128           500             0             1        455 118.313843            0 
            8           128           500             0             1        456 111.656372            0 
            8           128           500             0             1        457 119.644897            0 
            8           128           500             0             1        458 111.511353            0 
            8           128           500             0             1        459 118.673950            0 
            8           128           500             0             1        460 111.055298            0 
            8           128           500             0             1        461 118.802856            0 
            8           128           500             0             1        462 110.796509            0 
            8           128           500             0             1        463 117.428101            0 
            8           128           500             0             1        464 111.527466            0 
            8           128           500             0             1        465 118.916992            0 
            8           128           500             0             1        466 110.762451            0 
            8           128           500             0             1        467 118.488892            0 
            8           128           500             0             1        468 110.655273            0 
            8           128           500             0             1        469 117.976929            0 
            8           128           500             0             1        470 111.178467            0 
            8           128           500             0             1        471 117.765869            0 
            8           128           500             0             1        472 110.818481            0 
            8           128           500             0             1        473 118.110962            0 
            8           128           500             0             1        474 110.712524            0 
            8           128           500             0             1        475 117.783813            0 
            8           128           500             0             1        476 110.788330            0 
            8           128           500             0             1        477 115.794067            0 
            8           128           500             0             1        478 110.626465            0 
            8           128           500             0             1        479 117.738892            0 
            8           128           500             0             1        480 110.790527            0 
            8           128           500             0             1        481 118.962769            0 
            8           128           500             0             1        482 111.045532            0 
            8           128           500             0             1        483 119.644775            0 
            8           128           500             0             1        484 111.649292            0 
            8           128           500             0             1        485 118.795898            0 
            8           128           500             0             1        486 110.636475            0 
            8           128           500             0             1        487 118.808960            0 
            8           128           500             0             1        488 111.186401            0 
            8           128           500             0             1        489 117.913818            0 
            8           128           500             0             1        490 110.586426            1 
            8           128           500             0             1        491 117.722046            0 
            8           128           500             0             1        492 111.607422            0 
            8           128           500             0             1        493 117.240967            0 
            8           128           500             0             1        494 111.574341            0 
            8           128           500             0             1        495 115.103027            0 
            8           128           500             0             1        496 110.620361            0 
            8           128           500             0             1        497 116.992920            0 
            8           128           500             0             1        498 110.697510            0 
            8           128           500             0             1        499 118.696899            0 
# Runtime: 1.878289 s (overhead: 0.000213 %) 500 records
