# Execution time and date (UTC): Fri Aug  9 15:21:23 2024
# Execution time and date (local): Fri Aug  9 18:21:23 2024
# MPI execution on rank 0 with 2 processes in world
# Reported time measurements are in microseconds
# pretty output format
     msg_size  window_size         runs   recv_index    num_peers       id         time     overhead 
            8             1           500             0             1          0 14.779053            0 
            8             1           500             0             1          1 10.327393            0 
            8             1           500             0             1          2 10.203369            0 
            8             1           500             0             1          3 10.134277            0 
            8             1           500             0             1          4 10.126343            0 
            8             1           500             0             1          5 9.992310            0 
            8             1           500             0             1          6 10.333252            0 
            8             1           500             0             1          7 10.115234            0 
            8             1           500             0             1          8 10.177368            0 
            8             1           500             0             1          9 9.985352            0 
            8             1           500             0             1         10 10.101318            0 
            8             1           500             0             1         11 9.944458            0 
            8             1           500             0             1         12 9.773193            0 
            8             1           500             0             1         13 9.909424            0 
            8             1           500             0             1         14 10.033447            0 
            8             1           500             0             1         15 10.096313            0 
            8             1           500             0             1         16 10.147339            0 
            8             1           500             0             1         17 9.952393            0 
            8             1           500             0             1         18 9.990234            0 
            8             1           500             0             1         19 10.030273            0 
            8             1           500             0             1         20 9.917236            0 
            8             1           500             0             1         21 9.899292            0 
            8             1           500             0             1         22 10.020264            0 
            8             1           500             0             1         23 10.119385            0 
            8             1           500             0             1         24 9.837402            0 
            8             1           500             0             1         25 9.791260            0 
            8             1           500             0             1         26 10.118286            0 
            8             1           500             0             1         27 10.037354            0 
            8             1           500             0             1         28 9.790405            0 
            8             1           500             0             1         29 9.826294            0 
            8             1           500             0             1         30 9.875244            0 
            8             1           500             0             1         31 10.086304            0 
            8             1           500             0             1         32 9.890259            0 
            8             1           500             0             1         33 9.979370            0 
            8             1           500             0             1         34 10.268311            0 
            8             1           500             0             1         35 10.053223            0 
            8             1           500             0             1         36 10.133301            0 
            8             1           500             0             1         37 9.811279            0 
            8             1           500             0             1         38 9.978394            0 
            8             1           500             0             1         39 9.976318            0 
            8             1           500             0             1         40 9.861328            0 
            8             1           500             0             1         41 9.945312            0 
            8             1           500             0             1         42 10.054321            0 
            8             1           500             0             1         43 9.939331            0 
            8             1           500             0             1         44 9.809448            0 
            8             1           500             0             1         45 9.965454            0 
            8             1           500             0             1         46 9.976196            0 
            8             1           500             0             1         47 10.028442            0 
            8             1           500             0             1         48 10.007324            0 
            8             1           500             0             1         49 9.876343            0 
            8             1           500             0             1         50 10.101318            0 
            8             1           500             0             1         51 10.122437            0 
            8             1           500             0             1         52 9.938354            0 
            8             1           500             0             1         53 10.171387            0 
            8             1           500             0             1         54 10.194336            0 
            8             1           500             0             1         55 10.092285            0 
            8             1           500             0             1         56 9.786377            0 
            8             1           500             0             1         57 9.709229            0 
            8             1           500             0             1         58 9.965454            0 
            8             1           500             0             1         59 10.073486            0 
            8             1           500             0             1         60 9.989380            0 
            8             1           500             0             1         61 9.878418            0 
            8             1           500             0             1         62 9.962280            0 
            8             1           500             0             1         63 10.187256            0 
            8             1           500             0             1         64 10.135254           10 
            8             1           500             0             1         65 10.053345            0 
            8             1           500             0             1         66 10.236328            0 
            8             1           500             0             1         67 10.087402            0 
            8             1           500             0             1         68 9.951294            0 
            8             1           500             0             1         69 10.040405            0 
            8             1           500             0             1         70 10.107300            0 
            8             1           500             0             1         71 10.102295            0 
            8             1           500             0             1         72 10.240356            0 
            8             1           500             0             1         73 10.137329            0 
            8             1           500             0             1         74 10.086426            0 
            8             1           500             0             1         75 10.079224            0 
            8             1           500             0             1         76 9.933228            0 
            8             1           500             0             1         77 9.900269            0 
            8             1           500             0             1         78 9.978394            0 
            8             1           500             0             1         79 9.939331            0 
            8             1           500             0             1         80 10.040405            0 
            8             1           500             0             1         81 10.222290            0 
            8             1           500             0             1         82 10.205322            0 
            8             1           500             0             1         83 9.874390            0 
            8             1           500             0             1         84 10.014282            0 
            8             1           500             0             1         85 9.754395            0 
            8             1           500             0             1         86 10.065430            0 
            8             1           500             0             1         87 10.117310            0 
            8             1           500             0             1         88 9.847290            0 
            8             1           500             0             1         89 9.890259            0 
            8             1           500             0             1         90 10.114502            0 
            8             1           500             0             1         91 10.044312            0 
            8             1           500             0             1         92 10.163330            0 
            8             1           500             0             1         93 9.904297            0 
            8             1           500             0             1         94 9.889404            0 
            8             1           500             0             1         95 10.138428            0 
            8             1           500             0             1         96 9.915405            0 
            8             1           500             0             1         97 9.877197            0 
            8             1           500             0             1         98 9.981323            0 
            8             1           500             0             1         99 9.883423            0 
            8             1           500             0             1        100 9.984253            0 
            8             1           500             0             1        101 9.689331            0 
            8             1           500             0             1        102 9.923218            0 
            8             1           500             0             1        103 10.001221            0 
            8             1           500             0             1        104 10.119385            0 
            8             1           500             0             1        105 9.844482            0 
            8             1           500             0             1        106 10.037354            0 
            8             1           500             0             1        107 9.999390            0 
            8             1           500             0             1        108 9.842407            0 
            8             1           500             0             1        109 9.905396            0 
            8             1           500             0             1        110 9.796265            0 
            8             1           500             0             1        111 10.048340            0 
            8             1           500             0             1        112 9.885254            0 
            8             1           500             0             1        113 9.855225            0 
            8             1           500             0             1        114 9.981323            0 
            8             1           500             0             1        115 9.873413            0 
            8             1           500             0             1        116 10.002319            0 
            8             1           500             0             1        117 9.775391            0 
            8             1           500             0             1        118 10.065430            0 
            8             1           500             0             1        119 10.067261            0 
            8             1           500             0             1        120 9.830200            0 
            8             1           500             0             1        121 9.859375            0 
            8             1           500             0             1        122 9.994385            0 
            8             1           500             0             1        123 9.940308            0 
            8             1           500             0             1        124 9.816406            0 
            8             1           500             0             1        125 9.951172            0 
            8             1           500             0             1        126 9.779297            0 
            8             1           500             0             1        127 10.105347            0 
            8             1           500             0             1        128 10.001343            0 
            8             1           500             0             1        129 9.892212            0 
            8             1           500             0             1        130 10.213135            0 
            8             1           500             0             1        131 9.961304            0 
            8             1           500             0             1        132 9.766357            0 
            8             1           500             0             1        133 9.855347            0 
            8             1           500             0             1        134 9.959351            0 
            8             1           500             0             1        135 9.918335            0 
            8             1           500             0             1        136 10.163330            0 
            8             1           500             0             1        137 9.897339            0 
            8             1           500             0             1        138 10.110229            0 
            8             1           500             0             1        139 10.056396            0 
            8             1           500             0             1        140 9.944214            0 
            8             1           500             0             1        141 9.990234            0 
            8             1           500             0             1        142 9.891357            0 
            8             1           500             0             1        143 10.231323            0 
            8             1           500             0             1        144 10.053223            0 
            8             1           500             0             1        145 10.058350            0 
            8             1           500             0             1        146 9.977295            0 
            8             1           500             0             1        147 9.972290            0 
            8             1           500             0             1        148 9.814331            0 
            8             1           500             0             1        149 9.988281            0 
            8             1           500             0             1        150 9.973389            0 
            8             1           500             0             1        151 10.130371            0 
            8             1           500             0             1        152 10.033325            0 
            8             1           500             0             1        153 9.888306            0 
            8             1           500             0             1        154 10.057251            0 
            8             1           500             0             1        155 9.983398            0 
            8             1           500             0             1        156 9.949341            0 
            8             1           500             0             1        157 9.818359            0 
            8             1           500             0             1        158 10.036255            0 
            8             1           500             0             1        159 9.929199            0 
            8             1           500             0             1        160 9.821289            0 
            8             1           500             0             1        161 10.200195            0 
            8             1           500             0             1        162 10.183350            0 
            8             1           500             0             1        163 9.940308            0 
            8             1           500             0             1        164 9.979248            0 
            8             1           500             0             1        165 9.907471            0 
            8             1           500             0             1        166 10.000366            0 
            8             1           500             0             1        167 9.958252            0 
            8             1           500             0             1        168 11.821045            0 
            8             1           500             0             1        169 12.792114            0 
            8             1           500             0             1        170 10.177246            0 
            8             1           500             0             1        171 10.021362            0 
            8             1           500             0             1        172 9.865234            0 
            8             1           500             0             1        173 10.077393            0 
            8             1           500             0             1        174 10.042358            0 
            8             1           500             0             1        175 10.250244            0 
            8             1           500             0             1        176 10.042358            0 
            8             1           500             0             1        177 10.088379            0 
            8             1           500             0             1        178 9.975342            0 
            8             1           500             0             1        179 10.036255            0 
            8             1           500             0             1        180 9.937378            0 
            8             1           500             0             1        181 9.777466            0 
            8             1           500             0             1        182 10.073486            0 
            8             1           500             0             1        183 9.886353            0 
            8             1           500             0             1        184 10.008301            0 
            8             1           500             0             1        185 9.769287            0 
            8             1           500             0             1        186 10.164307            0 
            8             1           500             0             1        187 10.147339            0 
            8             1           500             0             1        188 9.962402            0 
            8             1           500             0             1        189 9.926392            0 
            8             1           500             0             1        190 10.089233            0 
            8             1           500             0             1        191 10.249268            0 
            8             1           500             0             1        192 10.259399            0 
            8             1           500             0             1        193 9.918335            0 
            8             1           500             0             1        194 10.025269            0 
            8             1           500             0             1        195 10.226318            0 
            8             1           500             0             1        196 9.950317            0 
            8             1           500             0             1        197 9.860352            0 
            8             1           500             0             1        198 10.090332            0 
            8             1           500             0             1        199 10.048462            0 
            8             1           500             0             1        200 9.991333            0 
            8             1           500             0             1        201 9.678345            0 
            8             1           500             0             1        202 9.915283            0 
            8             1           500             0             1        203 10.082520            0 
            8             1           500             0             1        204 9.917358            0 
            8             1           500             0             1        205 9.979248            0 
            8             1           500             0             1        206 9.927368            0 
            8             1           500             0             1        207 10.107300            0 
            8             1           500             0             1        208 9.882324            0 
            8             1           500             0             1        209 9.824341            0 
            8             1           500             0             1        210 10.047241            0 
            8             1           500             0             1        211 10.123169            0 
            8             1           500             0             1        212 9.959351            0 
            8             1           500             0             1        213 10.250244            0 
            8             1           500             0             1        214 9.897339            0 
            8             1           500             0             1        215 10.017456            0 
            8             1           500             0             1        216 9.649414            0 
            8             1           500             0             1        217 9.840332            0 
            8             1           500             0             1        218 9.829346            0 
            8             1           500             0             1        219 9.956299            0 
            8             1           500             0             1        220 9.891113            0 
            8             1           500             0             1        221 10.040283            0 
            8             1           500             0             1        222 10.119385            0 
            8             1           500             0             1        223 10.073364            0 
            8             1           500             0             1        224 9.910278            0 
            8             1           500             0             1        225 9.949341            0 
            8             1           500             0             1        226 10.002319            0 
            8             1           500             0             1        227 10.101318            0 
            8             1           500             0             1        228 9.923462            0 
            8             1           500             0             1        229 10.193237            0 
            8             1           500             0             1        230 10.270386            0 
            8             1           500             0             1        231 9.987427            0 
            8             1           500             0             1        232 9.824341            0 
            8             1           500             0             1        233 9.879272            0 
            8             1           500             0             1        234 10.062256            0 
            8             1           500             0             1        235 10.092285            0 
            8             1           500             0             1        236 9.702271            0 
            8             1           500             0             1        237 9.952271            0 
            8             1           500             0             1        238 9.729370            0 
            8             1           500             0             1        239 10.012451            0 
            8             1           500             0             1        240 10.186401            0 
            8             1           500             0             1        241 9.881348            0 
            8             1           500             0             1        242 10.105469            0 
            8             1           500             0             1        243 10.209473            0 
            8             1           500             0             1        244 10.105347            0 
            8             1           500             0             1        245 10.022217            0 
            8             1           500             0             1        246 10.109375            0 
            8             1           500             0             1        247 9.956421            0 
            8             1           500             0             1        248 10.092407            0 
            8             1           500             0             1        249 9.760254            0 
            8             1           500             0             1        250 10.029297            0 
            8             1           500             0             1        251 10.160278            0 
            8             1           500             0             1        252 10.050293            0 
            8             1           500             0             1        253 9.653320            0 
            8             1           500             0             1        254 9.742310            0 
            8             1           500             0             1        255 10.132324            0 
            8             1           500             0             1        256 10.296265            0 
            8             1           500             0             1        257 9.806396            0 
            8             1           500             0             1        258 10.000244            0 
            8             1           500             0             1        259 10.102173            0 
            8             1           500             0             1        260 9.984253            0 
            8             1           500             0             1        261 9.889282            0 
            8             1           500             0             1        262 10.030273            0 
            8             1           500             0             1        263 10.229248            0 
            8             1           500             0             1        264 10.073364            0 
            8             1           500             0             1        265 9.888306            0 
            8             1           500             0             1        266 10.072266            0 
            8             1           500             0             1        267 10.022339            0 
            8             1           500             0             1        268 9.862427            0 
            8             1           500             0             1        269 9.916382            0 
            8             1           500             0             1        270 9.910400            0 
            8             1           500             0             1        271 10.169312            0 
            8             1           500             0             1        272 10.137329            0 
            8             1           500             0             1        273 9.834351            0 
            8             1           500             0             1        274 9.967407            0 
            8             1           500             0             1        275 10.017456            0 
            8             1           500             0             1        276 10.045288            0 
            8             1           500             0             1        277 9.900146            0 
            8             1           500             0             1        278 9.995239            0 
            8             1           500             0             1        279 10.041382            0 
            8             1           500             0             1        280 10.144287            0 
            8             1           500             0             1        281 9.869263            0 
            8             1           500             0             1        282 10.066406            0 
            8             1           500             0             1        283 10.117310            0 
            8             1           500             0             1        284 9.984375            0 
            8             1           500             0             1        285 10.010376            0 
            8             1           500             0             1        286 10.176270            0 
            8             1           500             0             1        287 10.240356            0 
            8             1           500             0             1        288 9.927246            0 
            8             1           500             0             1        289 9.951416            0 
            8             1           500             0             1        290 10.103271            0 
            8             1           500             0             1        291 10.035400            0 
            8             1           500             0             1        292 9.819214            0 
            8             1           500             0             1        293 9.810425            0 
            8             1           500             0             1        294 9.977417            0 
            8             1           500             0             1        295 9.997437            0 
            8             1           500             0             1        296 9.957397            0 
            8             1           500             0             1        297 9.852295            0 
            8             1           500             0             1        298 10.010376            0 
            8             1           500             0             1        299 10.036255            0 
            8             1           500             0             1        300 9.781494            0 
            8             1           500             0             1        301 9.949463            0 
            8             1           500             0             1        302 9.769287            0 
            8             1           500             0             1        303 10.162354            0 
            8             1           500             0             1        304 9.870361            0 
            8             1           500             0             1        305 9.885254            0 
            8             1           500             0             1        306 10.245239            0 
            8             1           500             0             1        307 9.842407            0 
            8             1           500             0             1        308 9.916382            0 
            8             1           500             0             1        309 9.874390            0 
            8             1           500             0             1        310 10.006226            0 
            8             1           500             0             1        311 9.922485            0 
            8             1           500             0             1        312 9.767334            0 
            8             1           500             0             1        313 9.885254            0 
            8             1           500             0             1        314 10.089233            0 
            8             1           500             0             1        315 9.922241            0 
            8             1           500             0             1        316 9.842407            0 
            8             1           500             0             1        317 10.018311            0 
            8             1           500             0             1        318 9.961426            0 
            8             1           500             0             1        319 9.768311            0 
            8             1           500             0             1        320 10.288330            0 
            8             1           500             0             1        321 10.285400            0 
            8             1           500             0             1        322 10.101318            0 
            8             1           500             0             1        323 10.022339            0 
            8             1           500             0             1        324 10.115356            0 
            8             1           500             0             1        325 9.908447            0 
            8             1           500             0             1        326 10.087280            0 
            8             1           500             0             1        327 10.268311            0 
            8             1           500             0             1        328 10.049438            0 
            8             1           500             0             1        329 9.851318            0 
            8             1           500             0             1        330 10.016235            0 
            8             1           500             0             1        331 9.996338            0 
            8             1           500             0             1        332 9.810303            0 
            8             1           500             0             1        333 10.031250            0 
            8             1           500             0             1        334 10.089355            0 
            8             1           500             0             1        335 10.150391            0 
            8             1           500             0             1        336 10.073242            0 
            8             1           500             0             1        337 9.836304            0 
            8             1           500             0             1        338 10.130249            0 
            8             1           500             0             1        339 10.107300            0 
            8             1           500             0             1        340 10.203369            0 
            8             1           500             0             1        341 9.810303            0 
            8             1           500             0             1        342 10.056274            0 
            8             1           500             0             1        343 10.179321            0 
            8             1           500             0             1        344 10.019409            0 
            8             1           500             0             1        345 9.763428            0 
            8             1           500             0             1        346 10.010132            0 
            8             1           500             0             1        347 10.154297            0 
            8             1           500             0             1        348 9.935303            0 
            8             1           500             0             1        349 9.906372            0 
            8             1           500             0             1        350 9.819336            0 
            8             1           500             0             1        351 9.843384            0 
            8             1           500             0             1        352 9.900269            0 
            8             1           500             0             1        353 10.026245            0 
            8             1           500             0             1        354 10.030396            0 
            8             1           500             0             1        355 9.974243            0 
            8             1           500             0             1        356 10.046265            0 
            8             1           500             0             1        357 9.891357            0 
            8             1           500             0             1        358 10.010376            0 
            8             1           500             0             1        359 10.073242            0 
            8             1           500             0             1        360 9.971436            0 
            8             1           500             0             1        361 9.783325            0 
            8             1           500             0             1        362 9.959229            0 
            8             1           500             0             1        363 10.031372            0 
            8             1           500             0             1        364 9.886108            0 
            8             1           500             0             1        365 9.924194            0 
            8             1           500             0             1        366 10.098267            0 
            8             1           500             0             1        367 9.796265            0 
            8             1           500             0             1        368 10.130371            0 
            8             1           500             0             1        369 10.084351            0 
            8             1           500             0             1        370 10.030273            0 
            8             1           500             0             1        371 10.072266            0 
            8             1           500             0             1        372 9.937378            0 
            8             1           500             0             1        373 9.887207            0 
            8             1           500             0             1        374 10.096313            0 
            8             1           500             0             1        375 10.026367            0 
            8             1           500             0             1        376 9.928467            0 
            8             1           500             0             1        377 9.796387            0 
            8             1           500             0             1        378 10.015381            0 
            8             1           500             0             1        379 10.129395            0 
            8             1           500             0             1        380 9.846313            0 
            8             1           500             0             1        381 9.917358            0 
            8             1           500             0             1        382 9.993286            0 
            8             1           500             0             1        383 10.080322            0 
            8             1           500             0             1        384 10.183350            0 
            8             1           500             0             1        385 9.917358            0 
            8             1           500             0             1        386 10.050293            0 
            8             1           500             0             1        387 10.087280            0 
            8             1           500             0             1        388 9.831299            0 
            8             1           500             0             1        389 9.781250            0 
            8             1           500             0             1        390 10.043335            0 
            8             1           500             0             1        391 9.882446            0 
            8             1           500             0             1        392 10.030396            0 
            8             1           500             0             1        393 9.912354            0 
            8             1           500             0             1        394 10.108398            0 
            8             1           500             0             1        395 10.119385            0 
            8             1           500             0             1        396 9.870361            0 
            8             1           500             0             1        397 9.995361            0 
            8             1           500             0             1        398 9.994263            0 
            8             1           500             0             1        399 10.113159            0 
            8             1           500             0             1        400 10.158325            0 
            8             1           500             0             1        401 9.919312            0 
            8             1           500             0             1        402 9.995483            0 
            8             1           500             0             1        403 10.185303            0 
            8             1           500             0             1        404 10.002319            0 
            8             1           500             0             1        405 9.838379            0 
            8             1           500             0             1        406 9.931274            0 
            8             1           500             0             1        407 10.016357            0 
            8             1           500             0             1        408 10.120239            0 
            8             1           500             0             1        409 9.817261            0 
            8             1           500             0             1        410 10.015381            0 
            8             1           500             0             1        411 10.234375            0 
            8             1           500             0             1        412 10.301392            0 
            8             1           500             0             1        413 10.012329            0 
            8             1           500             0             1        414 10.098267            0 
            8             1           500             0             1        415 10.038452            0 
            8             1           500             0             1        416 10.121338            0 
            8             1           500             0             1        417 9.987183            0 
            8             1           500             0             1        418 9.945435            0 
            8             1           500             0             1        419 9.991333            0 
            8             1           500             0             1        420 9.695190            0 
            8             1           500             0             1        421 9.921387            0 
            8             1           500             0             1        422 10.029419            0 
            8             1           500             0             1        423 9.977295            0 
            8             1           500             0             1        424 9.868408            0 
            8             1           500             0             1        425 9.891357            0 
            8             1           500             0             1        426 10.100220            0 
            8             1           500             0             1        427 9.945312            0 
            8             1           500             0             1        428 9.804443            0 
            8             1           500             0             1        429 9.985352            0 
            8             1           500             0             1        430 10.084351            0 
            8             1           500             0             1        431 10.207275            0 
            8             1           500             0             1        432 10.025391            0 
            8             1           500             0             1        433 9.860229            0 
            8             1           500             0             1        434 9.813354            0 
            8             1           500             0             1        435 10.015381            0 
            8             1           500             0             1        436 10.029297            0 
            8             1           500             0             1        437 9.695312            0 
            8             1           500             0             1        438 9.715332            0 
            8             1           500             0             1        439 9.949341            0 
            8             1           500             0             1        440 9.936401            0 
            8             1           500             0             1        441 9.760254            0 
            8             1           500             0             1        442 9.798218            0 
            8             1           500             0             1        443 10.063354            0 
            8             1           500             0             1        444 9.944336            0 
            8             1           500             0             1        445 9.929321            0 
            8             1           500             0             1        446 10.108276            0 
            8             1           500             0             1        447 9.979248            0 
            8             1           500             0             1        448 9.976318            0 
            8             1           500             0             1        449 9.918335            0 
            8             1           500             0             1        450 10.202271            0 
            8             1           500             0             1        451 10.008179            0 
            8             1           500             0             1        452 9.936279            0 
            8             1           500             0             1        453 9.952393            0 
            8             1           500             0             1        454 10.047241            0 
            8             1           500             0             1        455 10.007446            0 
            8             1           500             0             1        456 9.870361            0 
            8             1           500             0             1        457 9.872314            0 
            8             1           500             0             1        458 9.973267            0 
            8             1           500             0             1        459 9.944214            0 
            8             1           500             0             1        460 9.732422            0 
            8             1           500             0             1        461 9.632446            0 
            8             1           500             0             1        462 10.011353            0 
            8             1           500             0             1        463 9.810303            0 
            8             1           500             0             1        464 10.229126            0 
            8             1           500             0             1        465 10.094238            0 
            8             1           500             0             1        466 10.032471            0 
            8             1           500             0             1        467 10.110352            0 
            8             1           500             0             1        468 10.047241            0 
            8             1           500             0             1        469 9.774414            0 
            8             1           500             0             1        470 10.111450            0 
            8             1           500             0             1        471 10.113281            0 
            8             1           500             0             1        472 9.825195            0 
            8             1           500             0             1        473 9.780273            0 
            8             1           500             0             1        474 10.078369            0 
            8             1           500             0             1        475 9.969238            0 
            8             1           500             0             1        476 9.861328            0 
            8             1           500             0             1        477 9.914307            0 
            8             1           500             0             1        478 9.853394            0 
            8             1           500             0             1        479 10.142334            0 
            8             1           500             0             1        480 9.944336            0 
            8             1           500             0             1        481 10.052368            0 
            8             1           500             0             1        482 10.039307            0 
            8             1           500             0             1        483 10.056396            0 
            8             1           500             0             1        484 9.877319            0 
            8             1           500             0             1        485 9.858398            0 
            8             1           500             0             1        486 10.034302            0 
            8             1           500             0             1        487 10.037231            0 
            8             1           500             0             1        488 10.047241            0 
            8             1           500             0             1        489 9.882324            0 
            8             1           500             0             1        490 10.085327            0 
            8             1           500             0             1        491 10.176270            0 
            8             1           500             0             1        492 9.803345            0 
            8             1           500             0             1        493 9.978271            0 
            8             1           500             0             1        494 9.974243            0 
            8             1           500             0             1        495 10.182251            0 
            8             1           500             0             1        496 10.098389            0 
            8             1           500             0             1        497 10.118408            0 
            8             1           500             0             1        498 10.092285            0 
            8             1           500             0             1        499 10.136230            0 
# Runtime: 0.055893 s (overhead: 0.017891 %) 500 records
