# Execution time and date (UTC): Fri Aug  9 15:21:48 2024
# Execution time and date (local): Fri Aug  9 18:21:48 2024
# MPI execution on rank 0 with 2 processes in world
# Reported time measurements are in microseconds
# pretty output format
     msg_size  window_size         runs   recv_index    num_peers       id         time     overhead 
            8             1           500             0             1          0 15.043945            0 
            8             1           500             0             1          1 10.724365            0 
            8             1           500             0             1          2 10.731323            0 
            8             1           500             0             1          3 10.196289            0 
            8             1           500             0             1          4 10.147217            0 
            8             1           500             0             1          5 10.072388            0 
            8             1           500             0             1          6 9.964233            0 
            8             1           500             0             1          7 10.189453            0 
            8             1           500             0             1          8 9.973267            0 
            8             1           500             0             1          9 9.775391            0 
            8             1           500             0             1         10 9.652222            0 
            8             1           500             0             1         11 9.747314            0 
            8             1           500             0             1         12 9.967285            0 
            8             1           500             0             1         13 10.004395            0 
            8             1           500             0             1         14 10.022339            0 
            8             1           500             0             1         15 9.791382            0 
            8             1           500             0             1         16 9.776367            0 
            8             1           500             0             1         17 9.941284            0 
            8             1           500             0             1         18 9.659302            0 
            8             1           500             0             1         19 10.082275            0 
            8             1           500             0             1         20 9.749268            0 
            8             1           500             0             1         21 10.046265            0 
            8             1           500             0             1         22 9.768433            0 
            8             1           500             0             1         23 10.272339            0 
            8             1           500             0             1         24 9.746338            0 
            8             1           500             0             1         25 9.863281            0 
            8             1           500             0             1         26 9.766479            0 
            8             1           500             0             1         27 9.899414            0 
            8             1           500             0             1         28 9.790283            0 
            8             1           500             0             1         29 9.820312            0 
            8             1           500             0             1         30 9.749390            0 
            8             1           500             0             1         31 10.075317            0 
            8             1           500             0             1         32 9.785278            0 
            8             1           500             0             1         33 9.870361            0 
            8             1           500             0             1         34 9.714478            0 
            8             1           500             0             1         35 10.026245            0 
            8             1           500             0             1         36 9.755371            0 
            8             1           500             0             1         37 9.846191            0 
            8             1           500             0             1         38 9.813354            0 
            8             1           500             0             1         39 10.086426            0 
            8             1           500             0             1         40 9.666260            0 
            8             1           500             0             1         41 9.823364            0 
            8             1           500             0             1         42 9.618408            0 
            8             1           500             0             1         43 10.147217            0 
            8             1           500             0             1         44 9.721313            0 
            8             1           500             0             1         45 9.993286            0 
            8             1           500             0             1         46 9.913452            0 
            8             1           500             0             1         47 9.743286            0 
            8             1           500             0             1         48 9.753296            0 
            8             1           500             0             1         49 10.188354            0 
            8             1           500             0             1         50 9.770386            0 
            8             1           500             0             1         51 10.027344            0 
            8             1           500             0             1         52 9.849365            0 
            8             1           500             0             1         53 10.019287            0 
            8             1           500             0             1         54 9.927246            0 
            8             1           500             0             1         55 10.006226            0 
            8             1           500             0             1         56 9.870239            0 
            8             1           500             0             1         57 9.861328            0 
            8             1           500             0             1         58 9.892212            0 
            8             1           500             0             1         59 10.061279            0 
            8             1           500             0             1         60 9.732300            0 
            8             1           500             0             1         61 9.939209            0 
            8             1           500             0             1         62 9.722168            0 
            8             1           500             0             1         63 10.066284            0 
            8             1           500             0             1         64 9.871216           10 
            8             1           500             0             1         65 10.061279            0 
            8             1           500             0             1         66 9.626343            0 
            8             1           500             0             1         67 10.084229            0 
            8             1           500             0             1         68 9.659424            0 
            8             1           500             0             1         69 9.989258            0 
            8             1           500             0             1         70 9.651367            0 
            8             1           500             0             1         71 9.995361            0 
            8             1           500             0             1         72 9.772217            0 
            8             1           500             0             1         73 10.029297            0 
            8             1           500             0             1         74 9.662354            0 
            8             1           500             0             1         75 9.930420            0 
            8             1           500             0             1         76 9.798340            0 
            8             1           500             0             1         77 10.168335            0 
            8             1           500             0             1         78 9.877319            0 
            8             1           500             0             1         79 9.913330            0 
            8             1           500             0             1         80 9.732422            0 
            8             1           500             0             1         81 10.120361            0 
            8             1           500             0             1         82 9.679321            0 
            8             1           500             0             1         83 9.941284            0 
            8             1           500             0             1         84 9.711426            0 
            8             1           500             0             1         85 9.890381            0 
            8             1           500             0             1         86 9.910278            0 
            8             1           500             0             1         87 10.042236            0 
            8             1           500             0             1         88 9.895264            0 
            8             1           500             0             1         89 9.903198            0 
            8             1           500             0             1         90 9.691284            0 
            8             1           500             0             1         91 10.079224            0 
            8             1           500             0             1         92 9.921387            0 
            8             1           500             0             1         93 9.977295            0 
            8             1           500             0             1         94 9.859375            0 
            8             1           500             0             1         95 9.974365            0 
            8             1           500             0             1         96 9.655273            0 
            8             1           500             0             1         97 9.729370            0 
            8             1           500             0             1         98 9.828491            0 
            8             1           500             0             1         99 9.892212            0 
            8             1           500             0             1        100 9.799316            0 
            8             1           500             0             1        101 10.018311            0 
            8             1           500             0             1        102 11.936157            0 
            8             1           500             0             1        103 9.940186            0 
            8             1           500             0             1        104 9.920288            0 
            8             1           500             0             1        105 10.028198            0 
            8             1           500             0             1        106 9.666382            0 
            8             1           500             0             1        107 10.219482            0 
            8             1           500             0             1        108 9.798462            0 
            8             1           500             0             1        109 9.971436            0 
            8             1           500             0             1        110 9.722168            0 
            8             1           500             0             1        111 9.927368            0 
            8             1           500             0             1        112 9.603394            0 
            8             1           500             0             1        113 9.992310            0 
            8             1           500             0             1        114 9.699341            0 
            8             1           500             0             1        115 9.916382            0 
            8             1           500             0             1        116 9.756348            0 
            8             1           500             0             1        117 10.041382            0 
            8             1           500             0             1        118 9.711426            0 
            8             1           500             0             1        119 9.951416            0 
            8             1           500             0             1        120 9.733276            0 
            8             1           500             0             1        121 9.991333            0 
            8             1           500             0             1        122 9.838379            0 
            8             1           500             0             1        123 10.172119            0 
            8             1           500             0             1        124 9.845337            0 
            8             1           500             0             1        125 9.934326            0 
            8             1           500             0             1        126 9.895386            0 
            8             1           500             0             1        127 10.131348            0 
            8             1           500             0             1        128 9.897339            0 
            8             1           500             0             1        129 9.971313            0 
            8             1           500             0             1        130 9.897339            0 
            8             1           500             0             1        131 10.091309            0 
            8             1           500             0             1        132 9.764282            0 
            8             1           500             0             1        133 9.782349            0 
            8             1           500             0             1        134 9.748291            0 
            8             1           500             0             1        135 10.028442            0 
            8             1           500             0             1        136 9.799438            0 
            8             1           500             0             1        137 9.784424            0 
            8             1           500             0             1        138 9.755371            0 
            8             1           500             0             1        139 9.934326            0 
            8             1           500             0             1        140 9.844360            0 
            8             1           500             0             1        141 9.729370            0 
            8             1           500             0             1        142 9.631348            0 
            8             1           500             0             1        143 9.895264            0 
            8             1           500             0             1        144 9.714233            0 
            8             1           500             0             1        145 10.132446            0 
            8             1           500             0             1        146 9.843262            0 
            8             1           500             0             1        147 10.074341            0 
            8             1           500             0             1        148 9.715454            0 
            8             1           500             0             1        149 9.936279            0 
            8             1           500             0             1        150 9.655396            0 
            8             1           500             0             1        151 9.925415            0 
            8             1           500             0             1        152 9.774414            0 
            8             1           500             0             1        153 10.060303            0 
            8             1           500             0             1        154 9.823364            0 
            8             1           500             0             1        155 9.865356            0 
            8             1           500             0             1        156 9.800171            0 
            8             1           500             0             1        157 9.781372            0 
            8             1           500             0             1        158 9.774414            0 
            8             1           500             0             1        159 11.778076            0 
            8             1           500             0             1        160 9.774292            0 
            8             1           500             0             1        161 10.032227            0 
            8             1           500             0             1        162 9.693237            0 
            8             1           500             0             1        163 9.906372            0 
            8             1           500             0             1        164 9.713257            0 
            8             1           500             0             1        165 9.959351            0 
            8             1           500             0             1        166 9.752197            0 
            8             1           500             0             1        167 9.952271            0 
            8             1           500             0             1        168 9.706421            0 
            8             1           500             0             1        169 9.814331            0 
            8             1           500             0             1        170 9.848267            0 
            8             1           500             0             1        171 10.052246            0 
            8             1           500             0             1        172 9.775391            0 
            8             1           500             0             1        173 9.923340            0 
            8             1           500             0             1        174 9.655273            0 
            8             1           500             0             1        175 9.922363            0 
            8             1           500             0             1        176 9.712280            0 
            8             1           500             0             1        177 10.098267            0 
            8             1           500             0             1        178 9.982300            0 
            8             1           500             0             1        179 9.978271            0 
            8             1           500             0             1        180 9.806396            0 
            8             1           500             0             1        181 9.986328            0 
            8             1           500             0             1        182 9.760254            0 
            8             1           500             0             1        183 10.195312            0 
            8             1           500             0             1        184 9.751343            0 
            8             1           500             0             1        185 9.822388            0 
            8             1           500             0             1        186 9.707275            0 
            8             1           500             0             1        187 10.071411            0 
            8             1           500             0             1        188 9.871338            0 
            8             1           500             0             1        189 9.929321            0 
            8             1           500             0             1        190 9.789307            0 
            8             1           500             0             1        191 9.876343            0 
            8             1           500             0             1        192 9.837280            0 
            8             1           500             0             1        193 9.783325            0 
            8             1           500             0             1        194 9.737305            0 
            8             1           500             0             1        195 10.114502            0 
            8             1           500             0             1        196 9.771362            0 
            8             1           500             0             1        197 9.840454            0 
            8             1           500             0             1        198 9.575317            0 
            8             1           500             0             1        199 9.744263            0 
            8             1           500             0             1        200 9.893433            0 
            8             1           500             0             1        201 9.751221            0 
            8             1           500             0             1        202 9.649414            0 
            8             1           500             0             1        203 9.852295            0 
            8             1           500             0             1        204 9.780396            0 
            8             1           500             0             1        205 9.780396            0 
            8             1           500             0             1        206 9.694336            0 
            8             1           500             0             1        207 9.850342            0 
            8             1           500             0             1        208 9.700317            0 
            8             1           500             0             1        209 9.984253            0 
            8             1           500             0             1        210 9.793335            0 
            8             1           500             0             1        211 10.071411            0 
            8             1           500             0             1        212 9.695435            0 
            8             1           500             0             1        213 9.865356            0 
            8             1           500             0             1        214 9.726318            0 
            8             1           500             0             1        215 9.877319            0 
            8             1           500             0             1        216 9.818359            0 
            8             1           500             0             1        217 9.938354            0 
            8             1           500             0             1        218 9.830444            0 
            8             1           500             0             1        219 9.948364            0 
            8             1           500             0             1        220 9.799316            0 
            8             1           500             0             1        221 9.830200            0 
            8             1           500             0             1        222 9.759277            0 
            8             1           500             0             1        223 9.816284            0 
            8             1           500             0             1        224 9.795410            0 
            8             1           500             0             1        225 9.761353            0 
            8             1           500             0             1        226 9.823364            0 
            8             1           500             0             1        227 9.865356            0 
            8             1           500             0             1        228 9.885376            0 
            8             1           500             0             1        229 9.787354            0 
            8             1           500             0             1        230 9.751343            0 
            8             1           500             0             1        231 10.033203            0 
            8             1           500             0             1        232 9.712280            0 
            8             1           500             0             1        233 9.862305            0 
            8             1           500             0             1        234 9.623413            0 
            8             1           500             0             1        235 9.901245            0 
            8             1           500             0             1        236 9.706421            0 
            8             1           500             0             1        237 9.895386            0 
            8             1           500             0             1        238 9.630371            0 
            8             1           500             0             1        239 9.840210            0 
            8             1           500             0             1        240 9.875366            0 
            8             1           500             0             1        241 9.951294            0 
            8             1           500             0             1        242 9.760376            0 
            8             1           500             0             1        243 9.910278            0 
            8             1           500             0             1        244 9.647461            0 
            8             1           500             0             1        245 10.166260            0 
            8             1           500             0             1        246 13.061157            0 
            8             1           500             0             1        247 10.199341            0 
            8             1           500             0             1        248 9.630249            0 
            8             1           500             0             1        249 9.955322            0 
            8             1           500             0             1        250 9.760376            0 
            8             1           500             0             1        251 9.801270            0 
            8             1           500             0             1        252 9.787476            0 
            8             1           500             0             1        253 9.832397            0 
            8             1           500             0             1        254 9.789429            0 
            8             1           500             0             1        255 10.136353            0 
            8             1           500             0             1        256 10.042358            0 
            8             1           500             0             1        257 9.771240            0 
            8             1           500             0             1        258 9.798218            0 
            8             1           500             0             1        259 10.039307            0 
            8             1           500             0             1        260 9.683350            0 
            8             1           500             0             1        261 9.684326            0 
            8             1           500             0             1        262 9.693237            0 
            8             1           500             0             1        263 10.052246            0 
            8             1           500             0             1        264 9.743408            0 
            8             1           500             0             1        265 9.792236            0 
            8             1           500             0             1        266 9.716431            0 
            8             1           500             0             1        267 9.906250            0 
            8             1           500             0             1        268 9.630371            0 
            8             1           500             0             1        269 9.848267            0 
            8             1           500             0             1        270 9.899414            0 
            8             1           500             0             1        271 10.118286            0 
            8             1           500             0             1        272 9.756348            0 
            8             1           500             0             1        273 10.144287            0 
            8             1           500             0             1        274 9.698242            0 
            8             1           500             0             1        275 10.075317            0 
            8             1           500             0             1        276 9.675415            0 
            8             1           500             0             1        277 9.984497            0 
            8             1           500             0             1        278 9.711182            0 
            8             1           500             0             1        279 10.076172            0 
            8             1           500             0             1        280 9.797363            0 
            8             1           500             0             1        281 9.940308            0 
            8             1           500             0             1        282 9.876465            0 
            8             1           500             0             1        283 9.946289            0 
            8             1           500             0             1        284 9.751343            0 
            8             1           500             0             1        285 9.797363            0 
            8             1           500             0             1        286 9.745361            0 
            8             1           500             0             1        287 10.109253            0 
            8             1           500             0             1        288 9.683350            0 
            8             1           500             0             1        289 9.816162            0 
            8             1           500             0             1        290 9.772339            0 
            8             1           500             0             1        291 10.017212            0 
            8             1           500             0             1        292 9.660156            0 
            8             1           500             0             1        293 9.744385            0 
            8             1           500             0             1        294 9.743408            0 
            8             1           500             0             1        295 9.931274            0 
            8             1           500             0             1        296 9.751221            0 
            8             1           500             0             1        297 9.904297            0 
            8             1           500             0             1        298 9.628296            0 
            8             1           500             0             1        299 9.838257            0 
            8             1           500             0             1        300 9.662476            0 
            8             1           500             0             1        301 9.729370            0 
            8             1           500             0             1        302 9.598267            0 
            8             1           500             0             1        303 9.858276            0 
            8             1           500             0             1        304 9.600342            0 
            8             1           500             0             1        305 10.090210            0 
            8             1           500             0             1        306 9.749268            0 
            8             1           500             0             1        307 9.918335            0 
            8             1           500             0             1        308 9.691406            0 
            8             1           500             0             1        309 9.950317            0 
            8             1           500             0             1        310 9.971313            0 
            8             1           500             0             1        311 9.958496            0 
            8             1           500             0             1        312 10.068481            0 
            8             1           500             0             1        313 10.146240            0 
            8             1           500             0             1        314 9.743408            0 
            8             1           500             0             1        315 9.823364            0 
            8             1           500             0             1        316 9.837280            0 
            8             1           500             0             1        317 9.899414            0 
            8             1           500             0             1        318 9.827148            0 
            8             1           500             0             1        319 9.921265            0 
            8             1           500             0             1        320 9.802368            0 
            8             1           500             0             1        321 10.097168            0 
            8             1           500             0             1        322 9.588257            0 
            8             1           500             0             1        323 9.925293            0 
            8             1           500             0             1        324 9.692261            0 
            8             1           500             0             1        325 9.748413            0 
            8             1           500             0             1        326 9.771240            0 
            8             1           500             0             1        327 9.960205            0 
            8             1           500             0             1        328 9.713379            0 
            8             1           500             0             1        329 9.774292            0 
            8             1           500             0             1        330 9.691284            0 
            8             1           500             0             1        331 9.887451            0 
            8             1           500             0             1        332 9.760376            0 
            8             1           500             0             1        333 9.985352            0 
            8             1           500             0             1        334 9.683350            0 
            8             1           500             0             1        335 9.862305            0 
            8             1           500             0             1        336 9.659424            0 
            8             1           500             0             1        337 9.960205            0 
            8             1           500             0             1        338 9.618408            0 
            8             1           500             0             1        339 9.981323            0 
            8             1           500             0             1        340 9.647339            0 
            8             1           500             0             1        341 9.815308            0 
            8             1           500             0             1        342 9.641357            0 
            8             1           500             0             1        343 9.874268            0 
            8             1           500             0             1        344 9.855225            0 
            8             1           500             0             1        345 9.923340            0 
            8             1           500             0             1        346 9.901367            0 
            8             1           500             0             1        347 10.007324            0 
            8             1           500             0             1        348 9.791260            0 
            8             1           500             0             1        349 9.846313            0 
            8             1           500             0             1        350 9.781372            0 
            8             1           500             0             1        351 9.856323            0 
            8             1           500             0             1        352 9.698364            0 
            8             1           500             0             1        353 9.768311            0 
            8             1           500             0             1        354 9.726318            0 
            8             1           500             0             1        355 9.891357            0 
            8             1           500             0             1        356 9.669312            0 
            8             1           500             0             1        357 9.810425            0 
            8             1           500             0             1        358 9.678345            0 
            8             1           500             0             1        359 9.745361            0 
            8             1           500             0             1        360 9.811401            0 
            8             1           500             0             1        361 9.872314            0 
            8             1           500             0             1        362 9.705322            0 
            8             1           500             0             1        363 9.947266            0 
            8             1           500             0             1        364 9.791382            0 
            8             1           500             0             1        365 9.904297            0 
            8             1           500             0             1        366 9.913330            0 
            8             1           500             0             1        367 9.845337            0 
            8             1           500             0             1        368 9.834229            0 
            8             1           500             0             1        369 9.950317            0 
            8             1           500             0             1        370 9.687256            0 
            8             1           500             0             1        371 10.174438            0 
            8             1           500             0             1        372 9.684326            0 
            8             1           500             0             1        373 9.864380            0 
            8             1           500             0             1        374 9.630249            0 
            8             1           500             0             1        375 10.108154            0 
            8             1           500             0             1        376 9.743286            0 
            8             1           500             0             1        377 9.836304            0 
            8             1           500             0             1        378 9.770386            0 
            8             1           500             0             1        379 10.186401            0 
            8             1           500             0             1        380 9.862427            0 
            8             1           500             0             1        381 10.017456            0 
            8             1           500             0             1        382 9.853394            0 
            8             1           500             0             1        383 9.880249            0 
            8             1           500             0             1        384 9.838257            0 
            8             1           500             0             1        385 10.050415            0 
            8             1           500             0             1        386 9.613281            0 
            8             1           500             0             1        387 10.171265            0 
            8             1           500             0             1        388 9.710327            0 
            8             1           500             0             1        389 9.744385            0 
            8             1           500             0             1        390 9.620239            0 
            8             1           500             0             1        391 10.064331            0 
            8             1           500             0             1        392 9.735352            0 
            8             1           500             0             1        393 9.740356            0 
            8             1           500             0             1        394 9.599365            0 
            8             1           500             0             1        395 9.908325            0 
            8             1           500             0             1        396 9.799316            0 
            8             1           500             0             1        397 9.839233            0 
            8             1           500             0             1        398 9.708374            0 
            8             1           500             0             1        399 9.882324            0 
            8             1           500             0             1        400 9.608398            0 
            8             1           500             0             1        401 10.092285            0 
            8             1           500             0             1        402 9.663208            0 
            8             1           500             0             1        403 10.029297            0 
            8             1           500             0             1        404 9.930420            0 
            8             1           500             0             1        405 9.898315            0 
            8             1           500             0             1        406 9.708374            0 
            8             1           500             0             1        407 9.866455            0 
            8             1           500             0             1        408 9.826538            0 
            8             1           500             0             1        409 9.863403            0 
            8             1           500             0             1        410 9.787231            0 
            8             1           500             0             1        411 9.944214            0 
            8             1           500             0             1        412 9.896240            0 
            8             1           500             0             1        413 10.055298            0 
            8             1           500             0             1        414 9.891357            0 
            8             1           500             0             1        415 9.890259            0 
            8             1           500             0             1        416 9.675293            0 
            8             1           500             0             1        417 9.801392            0 
            8             1           500             0             1        418 9.710327            0 
            8             1           500             0             1        419 9.810303            0 
            8             1           500             0             1        420 9.692261            0 
            8             1           500             0             1        421 9.761353            0 
            8             1           500             0             1        422 9.669312            0 
            8             1           500             0             1        423 9.845337            0 
            8             1           500             0             1        424 9.871338            0 
            8             1           500             0             1        425 9.938354            0 
            8             1           500             0             1        426 9.678345            0 
            8             1           500             0             1        427 9.815308            0 
            8             1           500             0             1        428 9.724365            0 
            8             1           500             0             1        429 9.806274            0 
            8             1           500             0             1        430 9.717285            0 
            8             1           500             0             1        431 9.923462            0 
            8             1           500             0             1        432 9.888306            0 
            8             1           500             0             1        433 9.977295            0 
            8             1           500             0             1        434 9.996338            0 
            8             1           500             0             1        435 10.006348            0 
            8             1           500             0             1        436 9.659302            0 
            8             1           500             0             1        437 9.897217            0 
            8             1           500             0             1        438 9.676270            0 
            8             1           500             0             1        439 10.155273            0 
            8             1           500             0             1        440 9.734253            0 
            8             1           500             0             1        441 9.901367            0 
            8             1           500             0             1        442 9.852417            0 
            8             1           500             0             1        443 9.913330            0 
            8             1           500             0             1        444 9.824219            0 
            8             1           500             0             1        445 9.894287            0 
            8             1           500             0             1        446 9.780396            0 
            8             1           500             0             1        447 9.977417            0 
            8             1           500             0             1        448 10.193359            0 
            8             1           500             0             1        449 10.157227            0 
            8             1           500             0             1        450 9.850464            0 
            8             1           500             0             1        451 9.966431            0 
            8             1           500             0             1        452 9.749268            0 
            8             1           500             0             1        453 9.785400            0 
            8             1           500             0             1        454 9.857300            0 
            8             1           500             0             1        455 9.977295            0 
            8             1           500             0             1        456 9.682373            0 
            8             1           500             0             1        457 9.864258            0 
            8             1           500             0             1        458 9.629272            0 
            8             1           500             0             1        459 9.858276            0 
            8             1           500             0             1        460 9.719360            0 
            8             1           500             0             1        461 9.734497            0 
            8             1           500             0             1        462 9.609253            0 
            8             1           500             0             1        463 9.784424            0 
            8             1           500             0             1        464 9.965332            0 
            8             1           500             0             1        465 10.187378            0 
            8             1           500             0             1        466 10.019287            0 
            8             1           500             0             1        467 10.353271            0 
            8             1           500             0             1        468 9.840332            0 
            8             1           500             0             1        469 9.959351            0 
            8             1           500             0             1        470 9.834473            0 
            8             1           500             0             1        471 10.301270            0 
            8             1           500             0             1        472 9.764282            0 
            8             1           500             0             1        473 9.848267            0 
            8             1           500             0             1        474 9.701294            0 
            8             1           500             0             1        475 9.955444            0 
            8             1           500             0             1        476 9.674316            0 
            8             1           500             0             1        477 9.870361            0 
            8             1           500             0             1        478 9.688354            0 
            8             1           500             0             1        479 9.865356            0 
            8             1           500             0             1        480 9.631348            0 
            8             1           500             0             1        481 9.858398            0 
            8             1           500             0             1        482 9.814331            0 
            8             1           500             0             1        483 9.883423            0 
            8             1           500             0             1        484 9.782471            0 
            8             1           500             0             1        485 10.100342            0 
            8             1           500             0             1        486 9.912354            0 
            8             1           500             0             1        487 9.965454            0 
            8             1           500             0             1        488 9.581421            0 
            8             1           500             0             1        489 9.686401            0 
            8             1           500             0             1        490 9.594360            0 
            8             1           500             0             1        491 9.785400            0 
            8             1           500             0             1        492 9.745361            0 
            8             1           500             0             1        493 9.844238            0 
            8             1           500             0             1        494 9.988281            0 
            8             1           500             0             1        495 9.770386            0 
            8             1           500             0             1        496 9.666382            0 
            8             1           500             0             1        497 9.983276            0 
            8             1           500             0             1        498 9.739258            0 
            8             1           500             0             1        499 10.010376            0 
# Runtime: 0.054340 s (overhead: 0.018403 %) 500 records
