# Execution time and date (UTC): Fri Aug  9 15:26:26 2024
# Execution time and date (local): Fri Aug  9 18:26:26 2024
# MPI execution on rank 0 with 2 processes in world
# Reported time measurements are in microseconds
# pretty output format
     msg_size  window_size         runs   recv_index    num_peers       id         time     overhead 
            8           128           500             0             1          0 46.814819            0 
            8           128           500             0             1          1 42.964966            0 
            8           128           500             0             1          2 42.240112            0 
            8           128           500             0             1          3 42.914062            0 
            8           128           500             0             1          4 42.834106            0 
            8           128           500             0             1          5 42.342163            0 
            8           128           500             0             1          6 42.656982            0 
            8           128           500             0             1          7 42.875977            0 
            8           128           500             0             1          8 43.000977            0 
            8           128           500             0             1          9 42.730957            0 
            8           128           500             0             1         10 42.925049            0 
            8           128           500             0             1         11 42.578003            0 
            8           128           500             0             1         12 42.485962            0 
            8           128           500             0             1         13 43.730103            0 
            8           128           500             0             1         14 43.280029            0 
            8           128           500             0             1         15 43.052979            0 
            8           128           500             0             1         16 42.434082            0 
            8           128           500             0             1         17 42.755981            0 
            8           128           500             0             1         18 42.513184            0 
            8           128           500             0             1         19 42.688965            0 
            8           128           500             0             1         20 42.681030            0 
            8           128           500             0             1         21 43.226074            0 
            8           128           500             0             1         22 43.291870            0 
            8           128           500             0             1         23 43.130005            0 
            8           128           500             0             1         24 43.376953            0 
            8           128           500             0             1         25 42.762085            0 
            8           128           500             0             1         26 42.941040            0 
            8           128           500             0             1         27 42.307983            0 
            8           128           500             0             1         28 42.619019            0 
            8           128           500             0             1         29 42.729004            0 
            8           128           500             0             1         30 43.417969            0 
            8           128           500             0             1         31 43.344971            0 
            8           128           500             0             1         32 42.075073            0 
            8           128           500             0             1         33 42.630005            0 
            8           128           500             0             1         34 42.567139            0 
            8           128           500             0             1         35 43.413086            0 
            8           128           500             0             1         36 42.939087            0 
            8           128           500             0             1         37 42.756958            0 
            8           128           500             0             1         38 43.286865            0 
            8           128           500             0             1         39 42.551025            0 
            8           128           500             0             1         40 42.793091            0 
            8           128           500             0             1         41 42.822998            0 
            8           128           500             0             1         42 43.237061            0 
            8           128           500             0             1         43 42.425049            0 
            8           128           500             0             1         44 42.865967            0 
            8           128           500             0             1         45 42.573120            0 
            8           128           500             0             1         46 43.005981            0 
            8           128           500             0             1         47 43.330933            0 
            8           128           500             0             1         48 42.646973            0 
            8           128           500             0             1         49 43.024048            0 
            8           128           500             0             1         50 43.168091            0 
            8           128           500             0             1         51 42.674072            0 
            8           128           500             0             1         52 42.804077            0 
            8           128           500             0             1         53 42.815063            0 
            8           128           500             0             1         54 42.626099            0 
            8           128           500             0             1         55 42.703003            0 
            8           128           500             0             1         56 43.331055            0 
            8           128           500             0             1         57 42.896973            0 
            8           128           500             0             1         58 43.134033            0 
            8           128           500             0             1         59 42.498047            0 
            8           128           500             0             1         60 42.820068            0 
            8           128           500             0             1         61 42.733154            0 
            8           128           500             0             1         62 42.586182            0 
            8           128           500             0             1         63 46.674683            0 
            8           128           500             0             1         64 42.485962            0 
            8           128           500             0             1         65 42.737061            0 
            8           128           500             0             1         66 42.536987            0 
            8           128           500             0             1         67 42.546021            0 
            8           128           500             0             1         68 42.471069            0 
            8           128           500             0             1         69 42.836060            0 
            8           128           500             0             1         70 43.084106            0 
            8           128           500             0             1         71 43.183960            0 
            8           128           500             0             1         72 42.934082            0 
            8           128           500             0             1         73 42.609131            0 
            8           128           500             0             1         74 43.026978            0 
            8           128           500             0             1         75 42.390015            0 
            8           128           500             0             1         76 42.749146            0 
            8           128           500             0             1         77 42.591064            0 
            8           128           500             0             1         78 42.487061            0 
            8           128           500             0             1         79 42.557129            0 
            8           128           500             0             1         80 43.432007            0 
            8           128           500             0             1         81 43.129883            0 
            8           128           500             0             1         82 42.455078            0 
            8           128           500             0             1         83 42.668091            0 
            8           128           500             0             1         84 42.931152            0 
            8           128           500             0             1         85 42.784912            0 
            8           128           500             0             1         86 43.584106            0 
            8           128           500             0             1         87 43.083984            0 
            8           128           500             0             1         88 42.319092            0 
            8           128           500             0             1         89 42.052124            0 
            8           128           500             0             1         90 42.679077            0 
            8           128           500             0             1         91 42.116211            0 
            8           128           500             0             1         92 42.595093            0 
            8           128           500             0             1         93 42.634033            0 
            8           128           500             0             1         94 42.848999            0 
            8           128           500             0             1         95 42.312012            0 
            8           128           500             0             1         96 43.650024            0 
            8           128           500             0             1         97 42.657959            0 
            8           128           500             0             1         98 42.910034            0 
            8           128           500             0             1         99 42.718994            0 
            8           128           500             0             1        100 42.377075            0 
            8           128           500             0             1        101 43.048096            0 
            8           128           500             0             1        102 42.692017            0 
            8           128           500             0             1        103 42.865967            0 
            8           128           500             0             1        104 42.938965            0 
            8           128           500             0             1        105 42.825073            0 
            8           128           500             0             1        106 42.836060            0 
            8           128           500             0             1        107 42.385132            0 
            8           128           500             0             1        108 42.493042            0 
            8           128           500             0             1        109 43.082031            0 
            8           128           500             0             1        110 42.996948            0 
            8           128           500             0             1        111 42.953003            0 
            8           128           500             0             1        112 42.959106            0 
            8           128           500             0             1        113 41.998047            0 
            8           128           500             0             1        114 43.421875            0 
            8           128           500             0             1        115 43.009033            0 
            8           128           500             0             1        116 42.889893            0 
            8           128           500             0             1        117 42.458984            0 
            8           128           500             0             1        118 42.985107            0 
            8           128           500             0             1        119 42.786011            0 
            8           128           500             0             1        120 42.607056            0 
            8           128           500             0             1        121 42.762085            0 
            8           128           500             0             1        122 42.497070            0 
            8           128           500             0             1        123 43.246948            0 
            8           128           500             0             1        124 42.653076            0 
            8           128           500             0             1        125 42.939087            0 
            8           128           500             0             1        126 42.228027            0 
            8           128           500             0             1        127 43.154053            0 
            8           128           500             0             1        128 43.050049            0 
            8           128           500             0             1        129 43.205933            0 
            8           128           500             0             1        130 42.748901            0 
            8           128           500             0             1        131 42.611938            0 
            8           128           500             0             1        132 42.896973            0 
            8           128           500             0             1        133 42.774048            0 
            8           128           500             0             1        134 42.869995            0 
            8           128           500             0             1        135 42.457031            0 
            8           128           500             0             1        136 42.757080            0 
            8           128           500             0             1        137 42.909912            0 
            8           128           500             0             1        138 42.831055            0 
            8           128           500             0             1        139 42.378052            0 
            8           128           500             0             1        140 42.642090            0 
            8           128           500             0             1        141 42.658081            0 
            8           128           500             0             1        142 42.713989            0 
            8           128           500             0             1        143 42.817017            0 
            8           128           500             0             1        144 42.518066            0 
            8           128           500             0             1        145 42.554932            0 
            8           128           500             0             1        146 42.571045            0 
            8           128           500             0             1        147 42.912109            0 
            8           128           500             0             1        148 42.576050            0 
            8           128           500             0             1        149 42.177002            0 
            8           128           500             0             1        150 43.406128            0 
            8           128           500             0             1        151 42.692017            0 
            8           128           500             0             1        152 42.598999            0 
            8           128           500             0             1        153 42.635864            0 
            8           128           500             0             1        154 42.959961            0 
            8           128           500             0             1        155 42.914062            0 
            8           128           500             0             1        156 43.565063            0 
            8           128           500             0             1        157 42.921021            0 
            8           128           500             0             1        158 43.342896            0 
            8           128           500             0             1        159 43.185181            0 
            8           128           500             0             1        160 42.971924            0 
            8           128           500             0             1        161 42.771118            0 
            8           128           500             0             1        162 42.542114            0 
            8           128           500             0             1        163 43.349976            0 
            8           128           500             0             1        164 42.953125            0 
            8           128           500             0             1        165 43.057129            0 
            8           128           500             0             1        166 42.964966            0 
            8           128           500             0             1        167 42.642090            0 
            8           128           500             0             1        168 42.460938            0 
            8           128           500             0             1        169 43.071167            0 
            8           128           500             0             1        170 42.320068            0 
            8           128           500             0             1        171 42.714966            0 
            8           128           500             0             1        172 42.020142            0 
            8           128           500             0             1        173 42.732910            0 
            8           128           500             0             1        174 42.652954            0 
            8           128           500             0             1        175 43.221069            0 
            8           128           500             0             1        176 42.507935            0 
            8           128           500             0             1        177 42.421143            0 
            8           128           500             0             1        178 43.009033            0 
            8           128           500             0             1        179 42.427124            1 
            8           128           500             0             1        180 42.377930            0 
            8           128           500             0             1        181 43.084961            0 
            8           128           500             0             1        182 42.995117            0 
            8           128           500             0             1        183 42.921997            0 
            8           128           500             0             1        184 42.759888            0 
            8           128           500             0             1        185 43.407959            0 
            8           128           500             0             1        186 42.914062            0 
            8           128           500             0             1        187 42.030151            0 
            8           128           500             0             1        188 43.255981            0 
            8           128           500             0             1        189 42.893921            0 
            8           128           500             0             1        190 42.670898            0 
            8           128           500             0             1        191 43.230957            0 
            8           128           500             0             1        192 42.474121            0 
            8           128           500             0             1        193 42.721069            0 
            8           128           500             0             1        194 42.250122            0 
            8           128           500             0             1        195 42.410156            0 
            8           128           500             0             1        196 42.788086            0 
            8           128           500             0             1        197 42.466064            0 
            8           128           500             0             1        198 42.302002            0 
            8           128           500             0             1        199 43.050171            0 
            8           128           500             0             1        200 42.833130            0 
            8           128           500             0             1        201 42.381104            0 
            8           128           500             0             1        202 43.002075            0 
            8           128           500             0             1        203 42.873047            0 
            8           128           500             0             1        204 42.802979            0 
            8           128           500             0             1        205 43.129028            0 
            8           128           500             0             1        206 42.391113            0 
            8           128           500             0             1        207 42.924927            0 
            8           128           500             0             1        208 42.658081            0 
            8           128           500             0             1        209 43.216064            0 
            8           128           500             0             1        210 42.786987            0 
            8           128           500             0             1        211 43.666016            0 
            8           128           500             0             1        212 43.131104            0 
            8           128           500             0             1        213 43.056152            0 
            8           128           500             0             1        214 42.930054            0 
            8           128           500             0             1        215 42.899048            0 
            8           128           500             0             1        216 42.654053            0 
            8           128           500             0             1        217 42.867065            0 
            8           128           500             0             1        218 43.655029            0 
            8           128           500             0             1        219 42.366089            0 
            8           128           500             0             1        220 42.601074            0 
            8           128           500             0             1        221 42.343018            0 
            8           128           500             0             1        222 43.063110            0 
            8           128           500             0             1        223 43.124023            0 
            8           128           500             0             1        224 42.665039            0 
            8           128           500             0             1        225 42.279053            0 
            8           128           500             0             1        226 42.744141            0 
            8           128           500             0             1        227 43.764038            0 
            8           128           500             0             1        228 43.093994            0 
            8           128           500             0             1        229 41.991089            0 
            8           128           500             0             1        230 42.523071            0 
            8           128           500             0             1        231 43.079956            0 
            8           128           500             0             1        232 43.519043            0 
            8           128           500             0             1        233 42.400024            0 
            8           128           500             0             1        234 42.705078            0 
            8           128           500             0             1        235 42.996948            0 
            8           128           500             0             1        236 42.774048            0 
            8           128           500             0             1        237 42.901001            0 
            8           128           500             0             1        238 43.140137            0 
            8           128           500             0             1        239 42.879028            0 
            8           128           500             0             1        240 43.310059            0 
            8           128           500             0             1        241 43.097900            0 
            8           128           500             0             1        242 43.051025            0 
            8           128           500             0             1        243 42.593140            0 
            8           128           500             0             1        244 42.236084            0 
            8           128           500             0             1        245 42.830078            0 
            8           128           500             0             1        246 42.600098            0 
            8           128           500             0             1        247 43.041992            0 
            8           128           500             0             1        248 43.484009            0 
            8           128           500             0             1        249 43.179077            0 
            8           128           500             0             1        250 42.966064            0 
            8           128           500             0             1        251 42.412109            0 
            8           128           500             0             1        252 42.810059            0 
            8           128           500             0             1        253 42.671021            0 
            8           128           500             0             1        254 42.890015            0 
            8           128           500             0             1        255 42.588989            0 
            8           128           500             0             1        256 42.934937            2 
            8           128           500             0             1        257 42.184082            0 
            8           128           500             0             1        258 43.535034            0 
            8           128           500             0             1        259 43.561890            0 
            8           128           500             0             1        260 42.919067            0 
            8           128           500             0             1        261 42.337036            0 
            8           128           500             0             1        262 42.856079            0 
            8           128           500             0             1        263 133.175781            0 
            8           128           500             0             1        264 42.442017            0 
            8           128           500             0             1        265 42.609009            0 
            8           128           500             0             1        266 43.218018            0 
            8           128           500             0             1        267 42.070068            0 
            8           128           500             0             1        268 42.853027            0 
            8           128           500             0             1        269 42.708008            0 
            8           128           500             0             1        270 42.784912            0 
            8           128           500             0             1        271 42.313110            0 
            8           128           500             0             1        272 43.156006            0 
            8           128           500             0             1        273 41.964966            0 
            8           128           500             0             1        274 43.226929            0 
            8           128           500             0             1        275 43.054932            0 
            8           128           500             0             1        276 43.056030            0 
            8           128           500             0             1        277 42.207153            0 
            8           128           500             0             1        278 42.620117            0 
            8           128           500             0             1        279 42.623047            0 
            8           128           500             0             1        280 42.777100            0 
            8           128           500             0             1        281 42.851929            0 
            8           128           500             0             1        282 42.666016            0 
            8           128           500             0             1        283 42.945068            0 
            8           128           500             0             1        284 42.935059            0 
            8           128           500             0             1        285 42.680054            0 
            8           128           500             0             1        286 42.963013            0 
            8           128           500             0             1        287 43.030029            0 
            8           128           500             0             1        288 42.484009            0 
            8           128           500             0             1        289 42.811890            0 
            8           128           500             0             1        290 42.492920            0 
            8           128           500             0             1        291 42.697021            0 
            8           128           500             0             1        292 43.229980            0 
            8           128           500             0             1        293 42.896118            0 
            8           128           500             0             1        294 42.932007            0 
            8           128           500             0             1        295 43.479004            0 
            8           128           500             0             1        296 43.321045            0 
            8           128           500             0             1        297 43.251953            0 
            8           128           500             0             1        298 43.125122            0 
            8           128           500             0             1        299 42.749878            0 
            8           128           500             0             1        300 42.937134            0 
            8           128           500             0             1        301 43.204956            0 
            8           128           500             0             1        302 42.581055            0 
            8           128           500             0             1        303 42.838135            0 
            8           128           500             0             1        304 42.428101            0 
            8           128           500             0             1        305 42.592041            0 
            8           128           500             0             1        306 42.324097            0 
            8           128           500             0             1        307 43.222046            0 
            8           128           500             0             1        308 42.754883            0 
            8           128           500             0             1        309 42.267090            0 
            8           128           500             0             1        310 42.957031            0 
            8           128           500             0             1        311 42.479004            0 
            8           128           500             0             1        312 43.389893            0 
            8           128           500             0             1        313 42.572144            0 
            8           128           500             0             1        314 42.780029            0 
            8           128           500             0             1        315 42.357056            0 
            8           128           500             0             1        316 43.051025            0 
            8           128           500             0             1        317 43.302979            0 
            8           128           500             0             1        318 42.770020            0 
            8           128           500             0             1        319 41.900146            0 
            8           128           500             0             1        320 42.349121            0 
            8           128           500             0             1        321 42.850952            0 
            8           128           500             0             1        322 42.629028            0 
            8           128           500             0             1        323 42.731079            0 
            8           128           500             0             1        324 42.838013            0 
            8           128           500             0             1        325 42.979980            0 
            8           128           500             0             1        326 42.475952            0 
            8           128           500             0             1        327 42.958008            0 
            8           128           500             0             1        328 42.747070            0 
            8           128           500             0             1        329 42.944946            0 
            8           128           500             0             1        330 43.062012            0 
            8           128           500             0             1        331 42.859009            0 
            8           128           500             0             1        332 43.026001            0 
            8           128           500             0             1        333 42.734131            0 
            8           128           500             0             1        334 42.860962            0 
            8           128           500             0             1        335 42.815063            0 
            8           128           500             0             1        336 42.912964            0 
            8           128           500             0             1        337 42.448120            0 
            8           128           500             0             1        338 42.946045            0 
            8           128           500             0             1        339 42.645020            0 
            8           128           500             0             1        340 43.365967            0 
            8           128           500             0             1        341 42.871094            0 
            8           128           500             0             1        342 43.783936            0 
            8           128           500             0             1        343 43.171021            0 
            8           128           500             0             1        344 42.903931            0 
            8           128           500             0             1        345 42.406006            0 
            8           128           500             0             1        346 43.121948            0 
            8           128           500             0             1        347 43.466919            0 
            8           128           500             0             1        348 42.900024            0 
            8           128           500             0             1        349 43.088989            0 
            8           128           500             0             1        350 43.310913            0 
            8           128           500             0             1        351 43.413940            0 
            8           128           500             0             1        352 42.321045            0 
            8           128           500             0             1        353 42.834106            0 
            8           128           500             0             1        354 42.735107            0 
            8           128           500             0             1        355 42.739136            0 
            8           128           500             0             1        356 43.164062            0 
            8           128           500             0             1        357 42.708008            0 
            8           128           500             0             1        358 42.431030            0 
            8           128           500             0             1        359 43.268921            0 
            8           128           500             0             1        360 42.685059            0 
            8           128           500             0             1        361 42.437988            0 
            8           128           500             0             1        362 43.155151            0 
            8           128           500             0             1        363 43.049072            0 
            8           128           500             0             1        364 42.322021            0 
            8           128           500             0             1        365 42.883911            0 
            8           128           500             0             1        366 42.732056            0 
            8           128           500             0             1        367 42.833984            0 
            8           128           500             0             1        368 43.082031            0 
            8           128           500             0             1        369 42.531006            0 
            8           128           500             0             1        370 42.871948            0 
            8           128           500             0             1        371 43.277100            0 
            8           128           500             0             1        372 42.691040            0 
            8           128           500             0             1        373 43.067017            0 
            8           128           500             0             1        374 43.308105            0 
            8           128           500             0             1        375 42.648071            0 
            8           128           500             0             1        376 42.937988            0 
            8           128           500             0             1        377 43.461914            0 
            8           128           500             0             1        378 42.983032            0 
            8           128           500             0             1        379 42.827026            0 
            8           128           500             0             1        380 43.423950            0 
            8           128           500             0             1        381 43.692871            0 
            8           128           500             0             1        382 43.005981            0 
            8           128           500             0             1        383 42.472046            0 
            8           128           500             0             1        384 42.957031            0 
            8           128           500             0             1        385 42.083130            0 
            8           128           500             0             1        386 43.480835            0 
            8           128           500             0             1        387 42.246094            0 
            8           128           500             0             1        388 43.181030            0 
            8           128           500             0             1        389 43.166992            0 
            8           128           500             0             1        390 43.287109            0 
            8           128           500             0             1        391 42.658936            0 
            8           128           500             0             1        392 43.398071            0 
            8           128           500             0             1        393 42.691040            0 
            8           128           500             0             1        394 42.964966            0 
            8           128           500             0             1        395 42.418945            0 
            8           128           500             0             1        396 42.571045            0 
            8           128           500             0             1        397 42.605103            0 
            8           128           500             0             1        398 42.795044            0 
            8           128           500             0             1        399 42.464111            0 
            8           128           500             0             1        400 43.231201            0 
            8           128           500             0             1        401 41.916992            0 
            8           128           500             0             1        402 42.894043            0 
            8           128           500             0             1        403 42.985962            0 
            8           128           500             0             1        404 42.647095            0 
            8           128           500             0             1        405 42.822144            0 
            8           128           500             0             1        406 42.289062            0 
            8           128           500             0             1        407 42.668945            0 
            8           128           500             0             1        408 42.261108            0 
            8           128           500             0             1        409 42.304077            0 
            8           128           500             0             1        410 42.572998            0 
            8           128           500             0             1        411 42.781006            0 
            8           128           500             0             1        412 42.978027            0 
            8           128           500             0             1        413 43.567017            0 
            8           128           500             0             1        414 43.043945            0 
            8           128           500             0             1        415 43.954956            0 
            8           128           500             0             1        416 42.939087            0 
            8           128           500             0             1        417 42.760986            0 
            8           128           500             0             1        418 42.955078            0 
            8           128           500             0             1        419 43.616943            0 
            8           128           500             0             1        420 42.588013            0 
            8           128           500             0             1        421 42.606079            0 
            8           128           500             0             1        422 42.942139            0 
            8           128           500             0             1        423 42.877075            0 
            8           128           500             0             1        424 42.945068            0 
            8           128           500             0             1        425 42.887939            0 
            8           128           500             0             1        426 42.987061            0 
            8           128           500             0             1        427 42.373901            0 
            8           128           500             0             1        428 42.654053            0 
            8           128           500             0             1        429 43.146973            0 
            8           128           500             0             1        430 43.402100            0 
            8           128           500             0             1        431 42.403076            0 
            8           128           500             0             1        432 42.622070            0 
            8           128           500             0             1        433 42.412964            0 
            8           128           500             0             1        434 45.169922            0 
            8           128           500             0             1        435 43.394897            0 
            8           128           500             0             1        436 42.586060            0 
            8           128           500             0             1        437 42.509155            0 
            8           128           500             0             1        438 42.475220            0 
            8           128           500             0             1        439 43.201050            0 
            8           128           500             0             1        440 42.816895            0 
            8           128           500             0             1        441 43.250000            0 
            8           128           500             0             1        442 43.067993            0 
            8           128           500             0             1        443 43.356934            0 
            8           128           500             0             1        444 42.963013            0 
            8           128           500             0             1        445 42.490112            0 
            8           128           500             0             1        446 42.557983            0 
            8           128           500             0             1        447 42.250122            0 
            8           128           500             0             1        448 42.976929            0 
            8           128           500             0             1        449 42.625000            0 
            8           128           500             0             1        450 42.743042            0 
            8           128           500             0             1        451 42.543091            0 
            8           128           500             0             1        452 42.627075            0 
            8           128           500             0             1        453 43.164917            0 
            8           128           500             0             1        454 42.745117            0 
            8           128           500             0             1        455 42.977051            0 
            8           128           500             0             1        456 43.098145            0 
            8           128           500             0             1        457 42.559082            0 
            8           128           500             0             1        458 43.276123            0 
            8           128           500             0             1        459 42.862061            0 
            8           128           500             0             1        460 42.666992            0 
            8           128           500             0             1        461 42.363037            0 
            8           128           500             0             1        462 42.716064            0 
            8           128           500             0             1        463 42.671143            0 
            8           128           500             0             1        464 42.677979            0 
            8           128           500             0             1        465 42.905884            0 
            8           128           500             0             1        466 42.718994            0 
            8           128           500             0             1        467 42.723999            0 
            8           128           500             0             1        468 42.610962            0 
            8           128           500             0             1        469 43.223022            0 
            8           128           500             0             1        470 43.630981            0 
            8           128           500             0             1        471 43.375000            0 
            8           128           500             0             1        472 42.590942            0 
            8           128           500             0             1        473 43.187012            0 
            8           128           500             0             1        474 42.834961            0 
            8           128           500             0             1        475 42.983032            0 
            8           128           500             0             1        476 42.204102            0 
            8           128           500             0             1        477 42.549072            0 
            8           128           500             0             1        478 42.901978            0 
            8           128           500             0             1        479 42.579102            0 
            8           128           500             0             1        480 42.690063            0 
            8           128           500             0             1        481 42.359131            0 
            8           128           500             0             1        482 42.268066            0 
            8           128           500             0             1        483 42.650146            0 
            8           128           500             0             1        484 43.019043            0 
            8           128           500             0             1        485 42.726074            0 
            8           128           500             0             1        486 42.754028            0 
            8           128           500             0             1        487 42.744995            0 
            8           128           500             0             1        488 42.911011            0 
            8           128           500             0             1        489 42.660034            0 
            8           128           500             0             1        490 43.895996            0 
            8           128           500             0             1        491 42.921997            0 
            8           128           500             0             1        492 43.369995            0 
            8           128           500             0             1        493 42.754028            0 
            8           128           500             0             1        494 42.969971            0 
            8           128           500             0             1        495 42.917969            0 
            8           128           500             0             1        496 42.838989            0 
            8           128           500             0             1        497 42.210083            0 
            8           128           500             0             1        498 42.918945            0 
            8           128           500             0             1        499 42.947021            0 
# Runtime: 1.822093 s (overhead: 0.000165 %) 500 records
