# Execution time and date (UTC): Fri Aug  9 15:25:14 2024
# Execution time and date (local): Fri Aug  9 18:25:14 2024
# MPI execution on rank 0 with 2 processes in world
# Reported time measurements are in microseconds
# pretty output format
     msg_size  window_size         runs   recv_index    num_peers       id         time     overhead 
            8           128           500             0             1          0 137.031738            0 
            8           128           500             0             1          1 137.041748            0 
            8           128           500             0             1          2 133.159912            0 
            8           128           500             0             1          3 137.018799            0 
            8           128           500             0             1          4 133.239014            0 
            8           128           500             0             1          5 136.592651            0 
            8           128           500             0             1          6 133.088013            0 
            8           128           500             0             1          7 136.816895            0 
            8           128           500             0             1          8 133.526855            0 
            8           128           500             0             1          9 137.096802            0 
            8           128           500             0             1         10 133.416016            0 
            8           128           500             0             1         11 137.631592            0 
            8           128           500             0             1         12 133.301025            0 
            8           128           500             0             1         13 136.596680            0 
            8           128           500             0             1         14 133.263062            0 
            8           128           500             0             1         15 137.313843            0 
            8           128           500             0             1         16 133.220947            0 
            8           128           500             0             1         17 136.951782            0 
            8           128           500             0             1         18 132.973999            0 
            8           128           500             0             1         19 136.564697            0 
            8           128           500             0             1         20 133.105957            0 
            8           128           500             0             1         21 136.763916            0 
            8           128           500             0             1         22 133.238892            0 
            8           128           500             0             1         23 136.871948            0 
            8           128           500             0             1         24 133.484863            0 
            8           128           500             0             1         25 136.717773            0 
            8           128           500             0             1         26 133.104126            0 
            8           128           500             0             1         27 137.385620            0 
            8           128           500             0             1         28 133.308960            0 
            8           128           500             0             1         29 136.624756            0 
            8           128           500             0             1         30 133.093018            0 
            8           128           500             0             1         31 137.053833            0 
            8           128           500             0             1         32 133.107910            0 
            8           128           500             0             1         33 136.954590            0 
            8           128           500             0             1         34 133.151001            0 
            8           128           500             0             1         35 136.682739            0 
            8           128           500             0             1         36 133.132935            0 
            8           128           500             0             1         37 136.786743            0 
            8           128           500             0             1         38 133.458984            0 
            8           128           500             0             1         39 137.040649            0 
            8           128           500             0             1         40 133.834839            0 
            8           128           500             0             1         41 137.621704            0 
            8           128           500             0             1         42 133.724976            0 
            8           128           500             0             1         43 136.901733            0 
            8           128           500             0             1         44 133.596924            0 
            8           128           500             0             1         45 136.746704            0 
            8           128           500             0             1         46 133.471069            0 
            8           128           500             0             1         47 136.819580            0 
            8           128           500             0             1         48 133.416016            0 
            8           128           500             0             1         49 136.953735            0 
            8           128           500             0             1         50 133.380005            0 
            8           128           500             0             1         51 136.996826            0 
            8           128           500             0             1         52 133.360962            0 
            8           128           500             0             1         53 137.265747            0 
            8           128           500             0             1         54 133.442017            0 
            8           128           500             0             1         55 137.242798            0 
            8           128           500             0             1         56 133.455933            0 
            8           128           500             0             1         57 137.478638            0 
            8           128           500             0             1         58 133.431885            0 
            8           128           500             0             1         59 136.972778            0 
            8           128           500             0             1         60 133.315918            0 
            8           128           500             0             1         61 137.072632            0 
            8           128           500             0             1         62 133.487915            0 
            8           128           500             0             1         63 137.289673            0 
            8           128           500             0             1         64 133.581909            0 
            8           128           500             0             1         65 137.137817            0 
            8           128           500             0             1         66 133.651855            0 
            8           128           500             0             1         67 137.191650            0 
            8           128           500             0             1         68 133.490967            0 
            8           128           500             0             1         69 137.441650            0 
            8           128           500             0             1         70 133.636108            0 
            8           128           500             0             1         71 137.161743            0 
            8           128           500             0             1         72 133.371094            0 
            8           128           500             0             1         73 137.014648            0 
            8           128           500             0             1         74 133.366943            0 
            8           128           500             0             1         75 136.780762            0 
            8           128           500             0             1         76 133.509888            0 
            8           128           500             0             1         77 137.002686            0 
            8           128           500             0             1         78 133.328003            0 
            8           128           500             0             1         79 136.889648            0 
            8           128           500             0             1         80 133.474854            0 
            8           128           500             0             1         81 137.521851            0 
            8           128           500             0             1         82 133.518921            0 
            8           128           500             0             1         83 137.182739            0 
            8           128           500             0             1         84 133.701050            0 
            8           128           500             0             1         85 137.026733            0 
            8           128           500             0             1         86 133.666016            0 
            8           128           500             0             1         87 137.130737            0 
            8           128           500             0             1         88 133.488892            0 
            8           128           500             0             1         89 137.122803            0 
            8           128           500             0             1         90 133.403076            0 
            8           128           500             0             1         91 136.805664            0 
            8           128           500             0             1         92 133.523926            0 
            8           128           500             0             1         93 136.717773            0 
            8           128           500             0             1         94 133.664917            0 
            8           128           500             0             1         95 137.558594            0 
            8           128           500             0             1         96 133.531982            0 
            8           128           500             0             1         97 137.514526            0 
            8           128           500             0             1         98 133.271851            0 
            8           128           500             0             1         99 136.967896            0 
            8           128           500             0             1        100 133.255981            0 
            8           128           500             0             1        101 136.772583            0 
            8           128           500             0             1        102 133.284912            0 
            8           128           500             0             1        103 137.083862            0 
            8           128           500             0             1        104 133.135986            0 
            8           128           500             0             1        105 137.014648            0 
            8           128           500             0             1        106 133.805786            0 
            8           128           500             0             1        107 137.176758            0 
            8           128           500             0             1        108 133.108032            0 
            8           128           500             0             1        109 136.829712            0 
            8           128           500             0             1        110 133.370972            0 
            8           128           500             0             1        111 136.978638            0 
            8           128           500             0             1        112 133.409912            0 
            8           128           500             0             1        113 139.108521            0 
            8           128           500             0             1        114 133.514893            0 
            8           128           500             0             1        115 137.053833            0 
            8           128           500             0             1        116 133.447876            0 
            8           128           500             0             1        117 137.178833            0 
            8           128           500             0             1        118 133.149048            0 
            8           128           500             0             1        119 137.420654            0 
            8           128           500             0             1        120 133.336060            0 
            8           128           500             0             1        121 137.018677            0 
            8           128           500             0             1        122 133.126953            0 
            8           128           500             0             1        123 137.035645            0 
            8           128           500             0             1        124 133.323975            0 
            8           128           500             0             1        125 136.884644            0 
            8           128           500             0             1        126 133.236938            0 
            8           128           500             0             1        127 137.548584            0 
            8           128           500             0             1        128 133.276001            0 
            8           128           500             0             1        129 137.332764            0 
            8           128           500             0             1        130 133.411011            0 
            8           128           500             0             1        131 136.979736            0 
            8           128           500             0             1        132 133.145142            0 
            8           128           500             0             1        133 136.941895            0 
            8           128           500             0             1        134 133.927002            0 
            8           128           500             0             1        135 137.169800            0 
            8           128           500             0             1        136 133.294922            0 
            8           128           500             0             1        137 137.199585            0 
            8           128           500             0             1        138 133.515869            0 
            8           128           500             0             1        139 136.716675            0 
            8           128           500             0             1        140 133.447998            0 
            8           128           500             0             1        141 137.055786            0 
            8           128           500             0             1        142 133.387939            0 
            8           128           500             0             1        143 137.435791            0 
            8           128           500             0             1        144 133.369995            0 
            8           128           500             0             1        145 137.461792            0 
            8           128           500             0             1        146 133.553101            0 
            8           128           500             0             1        147 136.977783            0 
            8           128           500             0             1        148 133.592041            0 
            8           128           500             0             1        149 136.885742            0 
            8           128           500             0             1        150 133.552002            0 
            8           128           500             0             1        151 137.019653            0 
            8           128           500             0             1        152 133.338989            0 
            8           128           500             0             1        153 137.264648            0 
            8           128           500             0             1        154 133.750854            0 
            8           128           500             0             1        155 136.730713            0 
            8           128           500             0             1        156 133.563965            0 
            8           128           500             0             1        157 137.394653            0 
            8           128           500             0             1        158 133.692871            0 
            8           128           500             0             1        159 136.998779            0 
            8           128           500             0             1        160 133.529785            0 
            8           128           500             0             1        161 137.075684            0 
            8           128           500             0             1        162 133.630859            0 
            8           128           500             0             1        163 136.780762            0 
            8           128           500             0             1        164 133.517944            0 
            8           128           500             0             1        165 137.034790            0 
            8           128           500             0             1        166 133.640991            0 
            8           128           500             0             1        167 137.618774            0 
            8           128           500             0             1        168 133.409912            0 
            8           128           500             0             1        169 137.265625            0 
            8           128           500             0             1        170 133.693970            0 
            8           128           500             0             1        171 136.996704            0 
            8           128           500             0             1        172 133.491943            0 
            8           128           500             0             1        173 136.950806            1 
            8           128           500             0             1        174 133.835815            0 
            8           128           500             0             1        175 137.628784            0 
            8           128           500             0             1        176 133.588013            0 
            8           128           500             0             1        177 137.770752            0 
            8           128           500             0             1        178 133.564941            0 
            8           128           500             0             1        179 137.081665            0 
            8           128           500             0             1        180 133.245972            0 
            8           128           500             0             1        181 137.303711            0 
            8           128           500             0             1        182 133.465942            0 
            8           128           500             0             1        183 137.093750            0 
            8           128           500             0             1        184 133.347046            0 
            8           128           500             0             1        185 136.976685            0 
            8           128           500             0             1        186 133.250122            0 
            8           128           500             0             1        187 137.098633            0 
            8           128           500             0             1        188 133.313965            0 
            8           128           500             0             1        189 136.758789            0 
            8           128           500             0             1        190 133.420898            0 
            8           128           500             0             1        191 136.980591            0 
            8           128           500             0             1        192 133.834961            0 
            8           128           500             0             1        193 137.024780            0 
            8           128           500             0             1        194 133.394043            0 
            8           128           500             0             1        195 137.549683            0 
            8           128           500             0             1        196 133.382935            0 
            8           128           500             0             1        197 136.902588            0 
            8           128           500             0             1        198 133.682861            0 
            8           128           500             0             1        199 137.059692            0 
            8           128           500             0             1        200 133.501953            0 
            8           128           500             0             1        201 137.168701            0 
            8           128           500             0             1        202 133.553101            0 
            8           128           500             0             1        203 137.102661            0 
            8           128           500             0             1        204 133.513916            0 
            8           128           500             0             1        205 136.910767            0 
            8           128           500             0             1        206 133.599854            0 
            8           128           500             0             1        207 137.132812            0 
            8           128           500             0             1        208 133.588013            0 
            8           128           500             0             1        209 137.140747            0 
            8           128           500             0             1        210 133.349854            0 
            8           128           500             0             1        211 137.094727            0 
            8           128           500             0             1        212 133.645020            0 
            8           128           500             0             1        213 136.865723            0 
            8           128           500             0             1        214 133.554810            0 
            8           128           500             0             1        215 137.113770            0 
            8           128           500             0             1        216 133.476929            0 
            8           128           500             0             1        217 136.980713            0 
            8           128           500             0             1        218 133.526001            0 
            8           128           500             0             1        219 136.955688            0 
            8           128           500             0             1        220 133.429077            0 
            8           128           500             0             1        221 137.236816            0 
            8           128           500             0             1        222 133.687012            0 
            8           128           500             0             1        223 137.047729            0 
            8           128           500             0             1        224 133.556885            0 
            8           128           500             0             1        225 136.950806            0 
            8           128           500             0             1        226 133.513062            0 
            8           128           500             0             1        227 137.038818            0 
            8           128           500             0             1        228 133.534912            0 
            8           128           500             0             1        229 137.424683            0 
            8           128           500             0             1        230 133.520020            0 
            8           128           500             0             1        231 137.112671            0 
            8           128           500             0             1        232 133.889893            0 
            8           128           500             0             1        233 137.045776            0 
            8           128           500             0             1        234 133.539062            0 
            8           128           500             0             1        235 136.919800            0 
            8           128           500             0             1        236 133.360962            0 
            8           128           500             0             1        237 136.680786            0 
            8           128           500             0             1        238 133.578857            0 
            8           128           500             0             1        239 137.258789            0 
            8           128           500             0             1        240 133.457886            0 
            8           128           500             0             1        241 137.022705            0 
            8           128           500             0             1        242 133.863892            0 
            8           128           500             0             1        243 136.825684            0 
            8           128           500             0             1        244 133.510986            0 
            8           128           500             0             1        245 136.954834            0 
            8           128           500             0             1        246 133.548950            0 
            8           128           500             0             1        247 137.002686            0 
            8           128           500             0             1        248 133.470947            0 
            8           128           500             0             1        249 137.720581            0 
            8           128           500             0             1        250 133.510986            0 
            8           128           500             0             1        251 136.756714            0 
            8           128           500             0             1        252 133.679932            0 
            8           128           500             0             1        253 137.000610            0 
            8           128           500             0             1        254 133.891846            0 
            8           128           500             0             1        255 136.989868            0 
            8           128           500             0             1        256 133.744995            5 
            8           128           500             0             1        257 137.458618            0 
            8           128           500             0             1        258 133.173828            0 
            8           128           500             0             1        259 192.743896            0 
            8           128           500             0             1        260 133.373901            0 
            8           128           500             0             1        261 137.358643            0 
            8           128           500             0             1        262 133.793945            0 
            8           128           500             0             1        263 137.178589            0 
            8           128           500             0             1        264 133.911011            0 
            8           128           500             0             1        265 137.205811            0 
            8           128           500             0             1        266 133.438843            0 
            8           128           500             0             1        267 137.182739            0 
            8           128           500             0             1        268 133.630859            0 
            8           128           500             0             1        269 136.848877            0 
            8           128           500             0             1        270 133.418945            0 
            8           128           500             0             1        271 137.319702            0 
            8           128           500             0             1        272 133.309937            0 
            8           128           500             0             1        273 140.201538            0 
            8           128           500             0             1        274 133.528931            0 
            8           128           500             0             1        275 137.084717            0 
            8           128           500             0             1        276 133.392822            0 
            8           128           500             0             1        277 136.958618            0 
            8           128           500             0             1        278 133.582886            0 
            8           128           500             0             1        279 137.060669            0 
            8           128           500             0             1        280 133.756958            0 
            8           128           500             0             1        281 137.215698            0 
            8           128           500             0             1        282 133.408081            0 
            8           128           500             0             1        283 137.269531            0 
            8           128           500             0             1        284 133.250977            0 
            8           128           500             0             1        285 137.142578            0 
            8           128           500             0             1        286 133.433838            0 
            8           128           500             0             1        287 136.939819            0 
            8           128           500             0             1        288 133.506958            0 
            8           128           500             0             1        289 137.385742            0 
            8           128           500             0             1        290 133.525024            0 
            8           128           500             0             1        291 137.011841            0 
            8           128           500             0             1        292 133.288940            0 
            8           128           500             0             1        293 136.874756            0 
            8           128           500             0             1        294 133.584839            0 
            8           128           500             0             1        295 137.318604            0 
            8           128           500             0             1        296 133.420044            0 
            8           128           500             0             1        297 137.246704            0 
            8           128           500             0             1        298 133.270020            0 
            8           128           500             0             1        299 137.323853            0 
            8           128           500             0             1        300 133.103027            0 
            8           128           500             0             1        301 136.970703            0 
            8           128           500             0             1        302 133.281006            0 
            8           128           500             0             1        303 137.229736            0 
            8           128           500             0             1        304 133.250000            0 
            8           128           500             0             1        305 137.072754            0 
            8           128           500             0             1        306 133.423950            0 
            8           128           500             0             1        307 137.464844            0 
            8           128           500             0             1        308 133.463989            0 
            8           128           500             0             1        309 137.215576            0 
            8           128           500             0             1        310 134.239868            0 
            8           128           500             0             1        311 137.325684            0 
            8           128           500             0             1        312 133.085083            0 
            8           128           500             0             1        313 137.008667            0 
            8           128           500             0             1        314 133.492065            0 
            8           128           500             0             1        315 136.941772            0 
            8           128           500             0             1        316 133.233032            0 
            8           128           500             0             1        317 137.000732            0 
            8           128           500             0             1        318 133.512939            0 
            8           128           500             0             1        319 137.485718            0 
            8           128           500             0             1        320 133.282959            0 
            8           128           500             0             1        321 137.304810            0 
            8           128           500             0             1        322 135.046753            0 
            8           128           500             0             1        323 137.435669            0 
            8           128           500             0             1        324 133.140991            0 
            8           128           500             0             1        325 136.887695            0 
            8           128           500             0             1        326 133.182983            0 
            8           128           500             0             1        327 137.495605            0 
            8           128           500             0             1        328 133.286987            0 
            8           128           500             0             1        329 137.168701            0 
            8           128           500             0             1        330 133.242920            0 
            8           128           500             0             1        331 137.254761            0 
            8           128           500             0             1        332 133.434937            0 
            8           128           500             0             1        333 137.066772            0 
            8           128           500             0             1        334 133.656982            0 
            8           128           500             0             1        335 137.346680            0 
            8           128           500             0             1        336 133.697998            0 
            8           128           500             0             1        337 137.216675            0 
            8           128           500             0             1        338 133.382935            0 
            8           128           500             0             1        339 137.052734            0 
            8           128           500             0             1        340 133.390015            0 
            8           128           500             0             1        341 136.845703            0 
            8           128           500             0             1        342 133.208984            0 
            8           128           500             0             1        343 137.348633            0 
            8           128           500             0             1        344 133.591064            0 
            8           128           500             0             1        345 137.212769            0 
            8           128           500             0             1        346 133.298950            0 
            8           128           500             0             1        347 136.792725            0 
            8           128           500             0             1        348 133.655029            0 
            8           128           500             0             1        349 137.058716            0 
            8           128           500             0             1        350 133.611816            0 
            8           128           500             0             1        351 137.154663            0 
            8           128           500             0             1        352 133.365845            0 
            8           128           500             0             1        353 213.959595            0 
            8           128           500             0             1        354 133.309937            0 
            8           128           500             0             1        355 136.849609            0 
            8           128           500             0             1        356 133.346924            0 
            8           128           500             0             1        357 136.814819            0 
            8           128           500             0             1        358 133.638916            0 
            8           128           500             0             1        359 137.190674            0 
            8           128           500             0             1        360 133.414917            0 
            8           128           500             0             1        361 137.055664            0 
            8           128           500             0             1        362 133.233032            0 
            8           128           500             0             1        363 137.131714            0 
            8           128           500             0             1        364 133.464966            0 
            8           128           500             0             1        365 136.775757            0 
            8           128           500             0             1        366 133.303101            0 
            8           128           500             0             1        367 137.474609            0 
            8           128           500             0             1        368 133.399048            0 
            8           128           500             0             1        369 137.233765            0 
            8           128           500             0             1        370 133.659912            0 
            8           128           500             0             1        371 137.421631            0 
            8           128           500             0             1        372 133.193848            0 
            8           128           500             0             1        373 137.234619            0 
            8           128           500             0             1        374 133.378906            0 
            8           128           500             0             1        375 137.011719            0 
            8           128           500             0             1        376 133.520996            0 
            8           128           500             0             1        377 137.179810            0 
            8           128           500             0             1        378 133.492065            0 
            8           128           500             0             1        379 136.920654            0 
            8           128           500             0             1        380 133.669067            0 
            8           128           500             0             1        381 137.281616            0 
            8           128           500             0             1        382 133.479126            0 
            8           128           500             0             1        383 137.514526            0 
            8           128           500             0             1        384 133.438965            0 
            8           128           500             0             1        385 137.282593            0 
            8           128           500             0             1        386 133.435913            0 
            8           128           500             0             1        387 136.799683            0 
            8           128           500             0             1        388 133.281982            0 
            8           128           500             0             1        389 137.094727            0 
            8           128           500             0             1        390 136.195801            0 
            8           128           500             0             1        391 137.128662            0 
            8           128           500             0             1        392 133.777832            0 
            8           128           500             0             1        393 137.144653            0 
            8           128           500             0             1        394 167.537720            0 
            8           128           500             0             1        395 137.258789            0 
            8           128           500             0             1        396 133.606934            0 
            8           128           500             0             1        397 136.957642            0 
            8           128           500             0             1        398 133.799927            0 
            8           128           500             0             1        399 136.956787            0 
            8           128           500             0             1        400 133.660034            0 
            8           128           500             0             1        401 137.214722            0 
            8           128           500             0             1        402 133.864868            0 
            8           128           500             0             1        403 136.894653            0 
            8           128           500             0             1        404 133.749878            0 
            8           128           500             0             1        405 136.961670            0 
            8           128           500             0             1        406 133.685791            0 
            8           128           500             0             1        407 136.827637            0 
            8           128           500             0             1        408 133.713989            0 
            8           128           500             0             1        409 137.356689            0 
            8           128           500             0             1        410 133.475952            0 
            8           128           500             0             1        411 136.970703            0 
            8           128           500             0             1        412 133.442993            0 
            8           128           500             0             1        413 137.020630            0 
            8           128           500             0             1        414 133.490845            0 
            8           128           500             0             1        415 137.222656            0 
            8           128           500             0             1        416 133.557983            0 
            8           128           500             0             1        417 136.804810            0 
            8           128           500             0             1        418 133.506958            0 
            8           128           500             0             1        419 137.426636            0 
            8           128           500             0             1        420 133.393066            0 
            8           128           500             0             1        421 136.900757            0 
            8           128           500             0             1        422 133.492920            0 
            8           128           500             0             1        423 136.907715            0 
            8           128           500             0             1        424 133.604004            0 
            8           128           500             0             1        425 136.933716            0 
            8           128           500             0             1        426 133.374023            0 
            8           128           500             0             1        427 137.188843            0 
            8           128           500             0             1        428 133.355957            0 
            8           128           500             0             1        429 136.758789            0 
            8           128           500             0             1        430 133.384033            0 
            8           128           500             0             1        431 137.402832            0 
            8           128           500             0             1        432 133.447998            0 
            8           128           500             0             1        433 137.095703            0 
            8           128           500             0             1        434 233.869263            0 
            8           128           500             0             1        435 137.523804            0 
            8           128           500             0             1        436 133.489014            0 
            8           128           500             0             1        437 137.053589            0 
            8           128           500             0             1        438 133.133057            0 
            8           128           500             0             1        439 137.001831            0 
            8           128           500             0             1        440 133.494995            0 
            8           128           500             0             1        441 137.040649            0 
            8           128           500             0             1        442 133.142090            0 
            8           128           500             0             1        443 136.998657            0 
            8           128           500             0             1        444 133.010132            0 
            8           128           500             0             1        445 137.134766            0 
            8           128           500             0             1        446 133.374878            0 
            8           128           500             0             1        447 137.267700            0 
            8           128           500             0             1        448 133.372925            0 
            8           128           500             0             1        449 136.987671            0 
            8           128           500             0             1        450 133.437988            0 
            8           128           500             0             1        451 136.966675            0 
            8           128           500             0             1        452 133.123901            0 
            8           128           500             0             1        453 136.858765            0 
            8           128           500             0             1        454 133.385986            0 
            8           128           500             0             1        455 137.433716            0 
            8           128           500             0             1        456 133.593872            0 
            8           128           500             0             1        457 137.421631            0 
            8           128           500             0             1        458 133.739990            0 
            8           128           500             0             1        459 136.985718            0 
            8           128           500             0             1        460 133.576904            0 
            8           128           500             0             1        461 136.726807            0 
            8           128           500             0             1        462 133.663940            0 
            8           128           500             0             1        463 137.147705            0 
            8           128           500             0             1        464 135.239868            0 
            8           128           500             0             1        465 137.020752            0 
            8           128           500             0             1        466 133.755859            0 
            8           128           500             0             1        467 136.945679            0 
            8           128           500             0             1        468 133.704956            0 
            8           128           500             0             1        469 136.910767            0 
            8           128           500             0             1        470 133.550049            0 
            8           128           500             0             1        471 137.038696            0 
            8           128           500             0             1        472 133.496094            0 
            8           128           500             0             1        473 137.099854            0 
            8           128           500             0             1        474 133.659058            0 
            8           128           500             0             1        475 137.620605            0 
            8           128           500             0             1        476 133.402832            0 
            8           128           500             0             1        477 137.628662            0 
            8           128           500             0             1        478 133.870850            0 
            8           128           500             0             1        479 137.243652            0 
            8           128           500             0             1        480 133.440918            0 
            8           128           500             0             1        481 136.988770            0 
            8           128           500             0             1        482 133.364868            0 
            8           128           500             0             1        483 137.089600            0 
            8           128           500             0             1        484 133.609985            0 
            8           128           500             0             1        485 136.914795            0 
            8           128           500             0             1        486 133.761841            0 
            8           128           500             0             1        487 137.122681            0 
            8           128           500             0             1        488 134.330933            1 
            8           128           500             0             1        489 137.314697            0 
            8           128           500             0             1        490 133.659058            0 
            8           128           500             0             1        491 137.132812            0 
            8           128           500             0             1        492 133.566895            0 
            8           128           500             0             1        493 136.793701            0 
            8           128           500             0             1        494 133.936890            0 
            8           128           500             0             1        495 136.991821            0 
            8           128           500             0             1        496 133.764771            0 
            8           128           500             0             1        497 136.992676            0 
            8           128           500             0             1        498 133.486938            0 
            8           128           500             0             1        499 136.999634            0 
# Runtime: 1.886378 s (overhead: 0.000371 %) 500 records
