# Execution time and date (UTC): Fri Aug  9 15:21:02 2024
# Execution time and date (local): Fri Aug  9 18:21:02 2024
# MPI execution on rank 0 with 2 processes in world
# Reported time measurements are in microseconds
# pretty output format
     msg_size  window_size         runs   recv_index    num_peers       id         time     overhead 
            8             1           500             0             1          0 14.336914            0 
            8             1           500             0             1          1 10.250122            0 
            8             1           500             0             1          2 9.977295            0 
            8             1           500             0             1          3 10.184204            0 
            8             1           500             0             1          4 10.132446            0 
            8             1           500             0             1          5 10.332275            0 
            8             1           500             0             1          6 10.295288            0 
            8             1           500             0             1          7 10.143311            0 
            8             1           500             0             1          8 9.977295            0 
            8             1           500             0             1          9 10.016357            0 
            8             1           500             0             1         10 10.048340            0 
            8             1           500             0             1         11 10.112427            0 
            8             1           500             0             1         12 10.039307            0 
            8             1           500             0             1         13 9.893188            0 
            8             1           500             0             1         14 9.955322            0 
            8             1           500             0             1         15 10.006348            0 
            8             1           500             0             1         16 10.011230            0 
            8             1           500             0             1         17 10.015381            0 
            8             1           500             0             1         18 10.137329            0 
            8             1           500             0             1         19 10.075317            0 
            8             1           500             0             1         20 9.891235            0 
            8             1           500             0             1         21 9.951172            0 
            8             1           500             0             1         22 10.083374            0 
            8             1           500             0             1         23 9.987427            0 
            8             1           500             0             1         24 9.826294            0 
            8             1           500             0             1         25 9.972290            0 
            8             1           500             0             1         26 10.174316            0 
            8             1           500             0             1         27 10.109253            0 
            8             1           500             0             1         28 10.072388            0 
            8             1           500             0             1         29 9.815308            0 
            8             1           500             0             1         30 9.919312            0 
            8             1           500             0             1         31 10.067139            0 
            8             1           500             0             1         32 9.931274            0 
            8             1           500             0             1         33 9.913330            0 
            8             1           500             0             1         34 9.982300            0 
            8             1           500             0             1         35 10.048340            0 
            8             1           500             0             1         36 9.919189            0 
            8             1           500             0             1         37 9.820312            0 
            8             1           500             0             1         38 10.067261            0 
            8             1           500             0             1         39 10.099365            0 
            8             1           500             0             1         40 9.821411            0 
            8             1           500             0             1         41 10.086304            0 
            8             1           500             0             1         42 10.194336            0 
            8             1           500             0             1         43 10.022339            0 
            8             1           500             0             1         44 9.992188            0 
            8             1           500             0             1         45 9.900391            0 
            8             1           500             0             1         46 9.971313            0 
            8             1           500             0             1         47 10.119385            0 
            8             1           500             0             1         48 9.935181            0 
            8             1           500             0             1         49 10.067261            0 
            8             1           500             0             1         50 9.921387            0 
            8             1           500             0             1         51 9.750366            0 
            8             1           500             0             1         52 10.021118            0 
            8             1           500             0             1         53 10.054321            0 
            8             1           500             0             1         54 10.015259            0 
            8             1           500             0             1         55 9.986450            0 
            8             1           500             0             1         56 9.905396            0 
            8             1           500             0             1         57 9.980347            0 
            8             1           500             0             1         58 9.911255            0 
            8             1           500             0             1         59 9.981201            0 
            8             1           500             0             1         60 10.083374            0 
            8             1           500             0             1         61 9.941284            0 
            8             1           500             0             1         62 10.201294            0 
            8             1           500             0             1         63 10.350220            0 
            8             1           500             0             1         64 10.032227            9 
            8             1           500             0             1         65 10.107178            0 
            8             1           500             0             1         66 10.165405            0 
            8             1           500             0             1         67 10.131226            0 
            8             1           500             0             1         68 10.259277            0 
            8             1           500             0             1         69 10.030396            0 
            8             1           500             0             1         70 10.226318            0 
            8             1           500             0             1         71 9.894409            0 
            8             1           500             0             1         72 10.028320            0 
            8             1           500             0             1         73 9.734375            0 
            8             1           500             0             1         74 10.073242            0 
            8             1           500             0             1         75 10.172241            0 
            8             1           500             0             1         76 10.228271            0 
            8             1           500             0             1         77 9.831177            0 
            8             1           500             0             1         78 9.906250            0 
            8             1           500             0             1         79 9.946411            0 
            8             1           500             0             1         80 9.841309            0 
            8             1           500             0             1         81 9.941284            0 
            8             1           500             0             1         82 10.138306            0 
            8             1           500             0             1         83 10.064331            0 
            8             1           500             0             1         84 9.814209            0 
            8             1           500             0             1         85 9.869385            0 
            8             1           500             0             1         86 10.327271            0 
            8             1           500             0             1         87 9.865234            0 
            8             1           500             0             1         88 9.721313            0 
            8             1           500             0             1         89 9.990234            0 
            8             1           500             0             1         90 10.239258            0 
            8             1           500             0             1         91 10.152344            0 
            8             1           500             0             1         92 10.192383            0 
            8             1           500             0             1         93 9.945312            0 
            8             1           500             0             1         94 9.941284            0 
            8             1           500             0             1         95 9.970337            0 
            8             1           500             0             1         96 9.886353            0 
            8             1           500             0             1         97 9.975220            0 
            8             1           500             0             1         98 10.004272            0 
            8             1           500             0             1         99 9.925293            0 
            8             1           500             0             1        100 9.987183            0 
            8             1           500             0             1        101 9.916260            0 
            8             1           500             0             1        102 10.065308            0 
            8             1           500             0             1        103 9.973389            0 
            8             1           500             0             1        104 9.950195            0 
            8             1           500             0             1        105 10.115356            0 
            8             1           500             0             1        106 10.268311            0 
            8             1           500             0             1        107 10.111328            0 
            8             1           500             0             1        108 10.146240            0 
            8             1           500             0             1        109 9.918335            0 
            8             1           500             0             1        110 9.949463            0 
            8             1           500             0             1        111 9.955444            0 
            8             1           500             0             1        112 9.857422            0 
            8             1           500             0             1        113 10.056396            0 
            8             1           500             0             1        114 10.041260            0 
            8             1           500             0             1        115 10.085327            0 
            8             1           500             0             1        116 10.189209            0 
            8             1           500             0             1        117 10.037354            0 
            8             1           500             0             1        118 10.192261            0 
            8             1           500             0             1        119 9.988403            0 
            8             1           500             0             1        120 9.878418            0 
            8             1           500             0             1        121 9.907349            0 
            8             1           500             0             1        122 10.094360            0 
            8             1           500             0             1        123 10.190186            0 
            8             1           500             0             1        124 10.037354            0 
            8             1           500             0             1        125 9.911377            0 
            8             1           500             0             1        126 10.066284            0 
            8             1           500             0             1        127 10.037354            0 
            8             1           500             0             1        128 9.907227            0 
            8             1           500             0             1        129 9.897217            0 
            8             1           500             0             1        130 9.942261            0 
            8             1           500             0             1        131 9.984253            0 
            8             1           500             0             1        132 9.861328            0 
            8             1           500             0             1        133 9.799316            0 
            8             1           500             0             1        134 9.881226            0 
            8             1           500             0             1        135 9.838257            0 
            8             1           500             0             1        136 10.207275            0 
            8             1           500             0             1        137 10.023315            0 
            8             1           500             0             1        138 10.126221            0 
            8             1           500             0             1        139 10.174316            0 
            8             1           500             0             1        140 10.011230            0 
            8             1           500             0             1        141 9.833252            0 
            8             1           500             0             1        142 9.903442            0 
            8             1           500             0             1        143 9.886353            0 
            8             1           500             0             1        144 9.881226            0 
            8             1           500             0             1        145 9.921265            0 
            8             1           500             0             1        146 9.953247            0 
            8             1           500             0             1        147 10.010376            0 
            8             1           500             0             1        148 9.805298            0 
            8             1           500             0             1        149 9.974243            0 
            8             1           500             0             1        150 10.115356            0 
            8             1           500             0             1        151 9.794312            0 
            8             1           500             0             1        152 9.987427            0 
            8             1           500             0             1        153 10.252319            0 
            8             1           500             0             1        154 10.145386            0 
            8             1           500             0             1        155 10.192261            0 
            8             1           500             0             1        156 10.133301            0 
            8             1           500             0             1        157 9.911255            0 
            8             1           500             0             1        158 9.921265            0 
            8             1           500             0             1        159 10.037354            0 
            8             1           500             0             1        160 9.868408            0 
            8             1           500             0             1        161 9.977295            0 
            8             1           500             0             1        162 10.115356            0 
            8             1           500             0             1        163 9.870361            0 
            8             1           500             0             1        164 9.838257            0 
            8             1           500             0             1        165 9.988281            0 
            8             1           500             0             1        166 10.210205            0 
            8             1           500             0             1        167 9.977295            0 
            8             1           500             0             1        168 9.883301            0 
            8             1           500             0             1        169 9.955322            0 
            8             1           500             0             1        170 10.200195            0 
            8             1           500             0             1        171 10.136230            0 
            8             1           500             0             1        172 10.155273            0 
            8             1           500             0             1        173 9.978271            0 
            8             1           500             0             1        174 9.984253            0 
            8             1           500             0             1        175 10.096313            0 
            8             1           500             0             1        176 9.866333            0 
            8             1           500             0             1        177 9.999268            0 
            8             1           500             0             1        178 9.935181            0 
            8             1           500             0             1        179 9.982422            0 
            8             1           500             0             1        180 9.921265            0 
            8             1           500             0             1        181 9.897461            0 
            8             1           500             0             1        182 9.940308            0 
            8             1           500             0             1        183 10.067261            0 
            8             1           500             0             1        184 9.786255            0 
            8             1           500             0             1        185 9.887451            0 
            8             1           500             0             1        186 10.341309            0 
            8             1           500             0             1        187 10.079468            0 
            8             1           500             0             1        188 10.219238            0 
            8             1           500             0             1        189 9.813354            0 
            8             1           500             0             1        190 9.931274            0 
            8             1           500             0             1        191 10.118286            0 
            8             1           500             0             1        192 9.986328            0 
            8             1           500             0             1        193 10.054321            0 
            8             1           500             0             1        194 10.101318            0 
            8             1           500             0             1        195 9.942383            0 
            8             1           500             0             1        196 9.907349            0 
            8             1           500             0             1        197 9.882202            0 
            8             1           500             0             1        198 10.129395            0 
            8             1           500             0             1        199 9.939331            0 
            8             1           500             0             1        200 10.006226            0 
            8             1           500             0             1        201 10.161377            0 
            8             1           500             0             1        202 10.212280            0 
            8             1           500             0             1        203 10.088379            0 
            8             1           500             0             1        204 10.079224            0 
            8             1           500             0             1        205 9.753296            0 
            8             1           500             0             1        206 9.904297            0 
            8             1           500             0             1        207 9.983398            0 
            8             1           500             0             1        208 10.106201            0 
            8             1           500             0             1        209 9.985474            0 
            8             1           500             0             1        210 9.905273            0 
            8             1           500             0             1        211 9.941162            0 
            8             1           500             0             1        212 9.839233            0 
            8             1           500             0             1        213 9.941406            0 
            8             1           500             0             1        214 10.104248            0 
            8             1           500             0             1        215 10.054443            0 
            8             1           500             0             1        216 9.856323            0 
            8             1           500             0             1        217 10.096313            0 
            8             1           500             0             1        218 10.207153            0 
            8             1           500             0             1        219 10.058350            0 
            8             1           500             0             1        220 10.025269            0 
            8             1           500             0             1        221 9.895264            0 
            8             1           500             0             1        222 10.008423            0 
            8             1           500             0             1        223 9.944336            0 
            8             1           500             0             1        224 9.823486            0 
            8             1           500             0             1        225 10.084351            0 
            8             1           500             0             1        226 10.121338            0 
            8             1           500             0             1        227 10.000366            0 
            8             1           500             0             1        228 9.875366            0 
            8             1           500             0             1        229 10.011230            0 
            8             1           500             0             1        230 10.221313            0 
            8             1           500             0             1        231 10.187256            0 
            8             1           500             0             1        232 9.983276            0 
            8             1           500             0             1        233 10.107300            0 
            8             1           500             0             1        234 10.220215            0 
            8             1           500             0             1        235 10.180176            0 
            8             1           500             0             1        236 10.057373            0 
            8             1           500             0             1        237 9.834229            0 
            8             1           500             0             1        238 9.936279            0 
            8             1           500             0             1        239 9.920288            0 
            8             1           500             0             1        240 9.856323            0 
            8             1           500             0             1        241 10.035400            0 
            8             1           500             0             1        242 9.930298            0 
            8             1           500             0             1        243 10.089355            0 
            8             1           500             0             1        244 9.994385            0 
            8             1           500             0             1        245 10.040405            0 
            8             1           500             0             1        246 10.144409            0 
            8             1           500             0             1        247 10.121338            0 
            8             1           500             0             1        248 9.799316            0 
            8             1           500             0             1        249 9.736450            0 
            8             1           500             0             1        250 9.886353            0 
            8             1           500             0             1        251 10.089355            0 
            8             1           500             0             1        252 10.058228            0 
            8             1           500             0             1        253 9.794434            0 
            8             1           500             0             1        254 10.087280            0 
            8             1           500             0             1        255 10.002319            0 
            8             1           500             0             1        256 10.057373            0 
            8             1           500             0             1        257 9.917236            0 
            8             1           500             0             1        258 10.051392            0 
            8             1           500             0             1        259 9.823364            0 
            8             1           500             0             1        260 9.821289            0 
            8             1           500             0             1        261 9.911255            0 
            8             1           500             0             1        262 10.065308            0 
            8             1           500             0             1        263 9.915283            0 
            8             1           500             0             1        264 9.864380            0 
            8             1           500             0             1        265 9.960449            0 
            8             1           500             0             1        266 10.136353            0 
            8             1           500             0             1        267 9.970337            0 
            8             1           500             0             1        268 10.113403            0 
            8             1           500             0             1        269 9.909302            0 
            8             1           500             0             1        270 9.937256            0 
            8             1           500             0             1        271 10.011353            0 
            8             1           500             0             1        272 9.975342            0 
            8             1           500             0             1        273 10.004272            0 
            8             1           500             0             1        274 10.103394            0 
            8             1           500             0             1        275 9.938477            0 
            8             1           500             0             1        276 9.851440            0 
            8             1           500             0             1        277 9.999390            0 
            8             1           500             0             1        278 10.048340            0 
            8             1           500             0             1        279 9.935425            0 
            8             1           500             0             1        280 10.004395            0 
            8             1           500             0             1        281 10.154175            0 
            8             1           500             0             1        282 10.197266            0 
            8             1           500             0             1        283 10.054443            0 
            8             1           500             0             1        284 10.059326            0 
            8             1           500             0             1        285 9.791260            0 
            8             1           500             0             1        286 9.991211            0 
            8             1           500             0             1        287 10.042358            0 
            8             1           500             0             1        288 9.844238            0 
            8             1           500             0             1        289 9.990234            0 
            8             1           500             0             1        290 10.016357            0 
            8             1           500             0             1        291 9.826294            0 
            8             1           500             0             1        292 9.840332            0 
            8             1           500             0             1        293 9.868408            0 
            8             1           500             0             1        294 9.962280            0 
            8             1           500             0             1        295 10.035400            0 
            8             1           500             0             1        296 10.083374            0 
            8             1           500             0             1        297 10.054199            0 
            8             1           500             0             1        298 10.336304            0 
            8             1           500             0             1        299 10.056274            0 
            8             1           500             0             1        300 9.823364            0 
            8             1           500             0             1        301 9.838135            0 
            8             1           500             0             1        302 10.008423            0 
            8             1           500             0             1        303 9.959351            0 
            8             1           500             0             1        304 9.903198            0 
            8             1           500             0             1        305 10.025269            0 
            8             1           500             0             1        306 9.993286            0 
            8             1           500             0             1        307 9.911255            0 
            8             1           500             0             1        308 9.855469            0 
            8             1           500             0             1        309 9.972290            0 
            8             1           500             0             1        310 10.103149            0 
            8             1           500             0             1        311 10.003296            0 
            8             1           500             0             1        312 10.178345            0 
            8             1           500             0             1        313 10.003174            0 
            8             1           500             0             1        314 10.318115            0 
            8             1           500             0             1        315 10.011353            0 
            8             1           500             0             1        316 10.128296            0 
            8             1           500             0             1        317 9.948364            0 
            8             1           500             0             1        318 10.026367            0 
            8             1           500             0             1        319 10.038330            0 
            8             1           500             0             1        320 9.939331            0 
            8             1           500             0             1        321 10.044189            0 
            8             1           500             0             1        322 10.129150            0 
            8             1           500             0             1        323 10.003174            0 
            8             1           500             0             1        324 9.769287            0 
            8             1           500             0             1        325 10.065308            0 
            8             1           500             0             1        326 10.171387            0 
            8             1           500             0             1        327 9.827393            0 
            8             1           500             0             1        328 9.972412            0 
            8             1           500             0             1        329 9.861450            0 
            8             1           500             0             1        330 10.068237            0 
            8             1           500             0             1        331 10.101318            0 
            8             1           500             0             1        332 10.023193            0 
            8             1           500             0             1        333 9.880371            0 
            8             1           500             0             1        334 9.830200            0 
            8             1           500             0             1        335 9.908203            0 
            8             1           500             0             1        336 10.124268            0 
            8             1           500             0             1        337 10.026245            0 
            8             1           500             0             1        338 9.885376            0 
            8             1           500             0             1        339 9.972168            0 
            8             1           500             0             1        340 9.901245            0 
            8             1           500             0             1        341 10.120239            0 
            8             1           500             0             1        342 9.877319            0 
            8             1           500             0             1        343 9.972290            0 
            8             1           500             0             1        344 9.868286            0 
            8             1           500             0             1        345 10.002319            0 
            8             1           500             0             1        346 9.863281            0 
            8             1           500             0             1        347 10.244263            0 
            8             1           500             0             1        348 10.061279            0 
            8             1           500             0             1        349 9.914307            0 
            8             1           500             0             1        350 9.968140            0 
            8             1           500             0             1        351 9.930298            0 
            8             1           500             0             1        352 9.923340            0 
            8             1           500             0             1        353 10.098389            0 
            8             1           500             0             1        354 10.024292            0 
            8             1           500             0             1        355 9.963257            0 
            8             1           500             0             1        356 9.822266            0 
            8             1           500             0             1        357 10.004272            0 
            8             1           500             0             1        358 10.193359            0 
            8             1           500             0             1        359 10.054443            0 
            8             1           500             0             1        360 9.867310            0 
            8             1           500             0             1        361 10.048340            0 
            8             1           500             0             1        362 10.032349            0 
            8             1           500             0             1        363 10.085327            0 
            8             1           500             0             1        364 9.957153            0 
            8             1           500             0             1        365 9.886230            0 
            8             1           500             0             1        366 9.982300            0 
            8             1           500             0             1        367 10.041260            0 
            8             1           500             0             1        368 9.887207            0 
            8             1           500             0             1        369 9.960205            0 
            8             1           500             0             1        370 9.907349            0 
            8             1           500             0             1        371 10.012329            0 
            8             1           500             0             1        372 9.894409            0 
            8             1           500             0             1        373 10.043335            0 
            8             1           500             0             1        374 10.160156            0 
            8             1           500             0             1        375 9.968384            0 
            8             1           500             0             1        376 9.927246            0 
            8             1           500             0             1        377 9.873169            0 
            8             1           500             0             1        378 10.135254            0 
            8             1           500             0             1        379 10.116333            0 
            8             1           500             0             1        380 10.143311            0 
            8             1           500             0             1        381 9.825195            0 
            8             1           500             0             1        382 10.040405            0 
            8             1           500             0             1        383 10.127441            0 
            8             1           500             0             1        384 10.189331            0 
            8             1           500             0             1        385 10.100342            0 
            8             1           500             0             1        386 10.043213            0 
            8             1           500             0             1        387 10.027344            0 
            8             1           500             0             1        388 9.898438            0 
            8             1           500             0             1        389 9.973267            0 
            8             1           500             0             1        390 10.061279            0 
            8             1           500             0             1        391 10.069336            0 
            8             1           500             0             1        392 9.946411            0 
            8             1           500             0             1        393 9.724365            0 
            8             1           500             0             1        394 10.233398            0 
            8             1           500             0             1        395 10.044189            0 
            8             1           500             0             1        396 9.933228            0 
            8             1           500             0             1        397 9.948364            0 
            8             1           500             0             1        398 9.862305            0 
            8             1           500             0             1        399 9.976318            0 
            8             1           500             0             1        400 9.983276            0 
            8             1           500             0             1        401 10.107300            0 
            8             1           500             0             1        402 10.084473            0 
            8             1           500             0             1        403 10.039307            0 
            8             1           500             0             1        404 9.792358            0 
            8             1           500             0             1        405 10.054321            0 
            8             1           500             0             1        406 10.173218            0 
            8             1           500             0             1        407 10.023315            0 
            8             1           500             0             1        408 9.883301            0 
            8             1           500             0             1        409 10.046387            0 
            8             1           500             0             1        410 9.930298            0 
            8             1           500             0             1        411 10.085327            0 
            8             1           500             0             1        412 10.062256            0 
            8             1           500             0             1        413 9.760376            0 
            8             1           500             0             1        414 10.022339            0 
            8             1           500             0             1        415 9.968262            0 
            8             1           500             0             1        416 9.904297            0 
            8             1           500             0             1        417 10.053223            0 
            8             1           500             0             1        418 10.048340            0 
            8             1           500             0             1        419 9.917358            0 
            8             1           500             0             1        420 9.963257            0 
            8             1           500             0             1        421 9.924316            0 
            8             1           500             0             1        422 10.014404            0 
            8             1           500             0             1        423 9.935425            0 
            8             1           500             0             1        424 9.868164            0 
            8             1           500             0             1        425 10.144409            0 
            8             1           500             0             1        426 10.044312            0 
            8             1           500             0             1        427 10.018311            0 
            8             1           500             0             1        428 9.837280            0 
            8             1           500             0             1        429 9.972168            0 
            8             1           500             0             1        430 9.850342            0 
            8             1           500             0             1        431 10.143311            0 
            8             1           500             0             1        432 9.961426            0 
            8             1           500             0             1        433 10.067383            0 
            8             1           500             0             1        434 10.062378            0 
            8             1           500             0             1        435 10.035156            0 
            8             1           500             0             1        436 9.929321            0 
            8             1           500             0             1        437 10.020264            0 
            8             1           500             0             1        438 10.102173            0 
            8             1           500             0             1        439 10.058350            0 
            8             1           500             0             1        440 9.837280            0 
            8             1           500             0             1        441 9.961304            0 
            8             1           500             0             1        442 10.145264            0 
            8             1           500             0             1        443 10.139282            0 
            8             1           500             0             1        444 10.077393            0 
            8             1           500             0             1        445 9.810425            0 
            8             1           500             0             1        446 9.875244            0 
            8             1           500             0             1        447 10.094360            0 
            8             1           500             0             1        448 10.084351            0 
            8             1           500             0             1        449 10.111328            0 
            8             1           500             0             1        450 10.123291            0 
            8             1           500             0             1        451 10.126221            0 
            8             1           500             0             1        452 10.056274            0 
            8             1           500             0             1        453 10.003296            0 
            8             1           500             0             1        454 10.075439            0 
            8             1           500             0             1        455 10.138428            0 
            8             1           500             0             1        456 10.046265            0 
            8             1           500             0             1        457 10.139282            0 
            8             1           500             0             1        458 10.133423            0 
            8             1           500             0             1        459 10.121338            0 
            8             1           500             0             1        460 9.996216            0 
            8             1           500             0             1        461 9.794312            0 
            8             1           500             0             1        462 9.998291            0 
            8             1           500             0             1        463 10.030273            0 
            8             1           500             0             1        464 9.924316            0 
            8             1           500             0             1        465 10.157227            0 
            8             1           500             0             1        466 10.212280            0 
            8             1           500             0             1        467 10.017334            0 
            8             1           500             0             1        468 9.850342            0 
            8             1           500             0             1        469 10.021240            0 
            8             1           500             0             1        470 10.144409            0 
            8             1           500             0             1        471 10.219238            0 
            8             1           500             0             1        472 9.722290            0 
            8             1           500             0             1        473 9.794434            0 
            8             1           500             0             1        474 10.050293            0 
            8             1           500             0             1        475 9.975342            0 
            8             1           500             0             1        476 9.896362            0 
            8             1           500             0             1        477 9.817383            0 
            8             1           500             0             1        478 9.862427            0 
            8             1           500             0             1        479 10.034302            0 
            8             1           500             0             1        480 10.013306            0 
            8             1           500             0             1        481 9.912231            0 
            8             1           500             0             1        482 10.088257            0 
            8             1           500             0             1        483 9.934326            0 
            8             1           500             0             1        484 10.061279            0 
            8             1           500             0             1        485 9.867310            0 
            8             1           500             0             1        486 10.069336            0 
            8             1           500             0             1        487 10.008301            0 
            8             1           500             0             1        488 9.818359            0 
            8             1           500             0             1        489 10.021362            0 
            8             1           500             0             1        490 10.161377            0 
            8             1           500             0             1        491 10.047241            0 
            8             1           500             0             1        492 9.987305            0 
            8             1           500             0             1        493 9.838257            0 
            8             1           500             0             1        494 9.961304            0 
            8             1           500             0             1        495 9.983398            0 
            8             1           500             0             1        496 9.957275            0 
            8             1           500             0             1        497 10.156372            0 
            8             1           500             0             1        498 10.229126            0 
            8             1           500             0             1        499 9.963379            0 
# Runtime: 0.051358 s (overhead: 0.017524 %) 500 records
