# Execution time and date (UTC): Fri Aug  9 15:25:26 2024
# Execution time and date (local): Fri Aug  9 18:25:26 2024
# MPI execution on rank 0 with 2 processes in world
# Reported time measurements are in microseconds
# pretty output format
     msg_size  window_size         runs   recv_index    num_peers       id         time     overhead 
            8           128           500             0             1          0 164.862915            0 
            8           128           500             0             1          1 164.349976            0 
            8           128           500             0             1          2 162.118042            0 
            8           128           500             0             1          3 164.763916            0 
            8           128           500             0             1          4 162.888916            0 
            8           128           500             0             1          5 164.789917            0 
            8           128           500             0             1          6 160.936157            0 
            8           128           500             0             1          7 164.417969            0 
            8           128           500             0             1          8 162.621094            0 
            8           128           500             0             1          9 164.641968            0 
            8           128           500             0             1         10 161.537109            0 
            8           128           500             0             1         11 164.408936            0 
            8           128           500             0             1         12 161.796997            0 
            8           128           500             0             1         13 164.675903            0 
            8           128           500             0             1         14 162.040039            0 
            8           128           500             0             1         15 164.755005            0 
            8           128           500             0             1         16 161.862061            0 
            8           128           500             0             1         17 164.594849            0 
            8           128           500             0             1         18 162.050049            0 
            8           128           500             0             1         19 164.816895            0 
            8           128           500             0             1         20 161.251099            0 
            8           128           500             0             1         21 164.670898            0 
            8           128           500             0             1         22 161.411011            0 
            8           128           500             0             1         23 164.800049            0 
            8           128           500             0             1         24 161.258179            0 
            8           128           500             0             1         25 164.490967            0 
            8           128           500             0             1         26 162.189941            0 
            8           128           500             0             1         27 164.879761            0 
            8           128           500             0             1         28 163.408936            0 
            8           128           500             0             1         29 165.010864            0 
            8           128           500             0             1         30 162.241211            0 
            8           128           500             0             1         31 164.590942            0 
            8           128           500             0             1         32 162.315918            0 
            8           128           500             0             1         33 163.688110            0 
            8           128           500             0             1         34 161.130127            0 
            8           128           500             0             1         35 164.693970            0 
            8           128           500             0             1         36 162.465088            0 
            8           128           500             0             1         37 164.893921            0 
            8           128           500             0             1         38 161.293091            0 
            8           128           500             0             1         39 164.611938            0 
            8           128           500             0             1         40 161.808105            0 
            8           128           500             0             1         41 164.964844            0 
            8           128           500             0             1         42 161.260010            0 
            8           128           500             0             1         43 164.497925            0 
            8           128           500             0             1         44 161.921021            0 
            8           128           500             0             1         45 164.508911            0 
            8           128           500             0             1         46 162.282104            0 
            8           128           500             0             1         47 164.731812            0 
            8           128           500             0             1         48 161.555054            0 
            8           128           500             0             1         49 164.740845            0 
            8           128           500             0             1         50 161.012939            0 
            8           128           500             0             1         51 164.588989            0 
            8           128           500             0             1         52 161.760132            0 
            8           128           500             0             1         53 164.934937            0 
            8           128           500             0             1         54 161.662109            0 
            8           128           500             0             1         55 164.642944            0 
            8           128           500             0             1         56 161.511108            0 
            8           128           500             0             1         57 164.470947            0 
            8           128           500             0             1         58 161.458130            0 
            8           128           500             0             1         59 164.819946            0 
            8           128           500             0             1         60 162.097046            0 
            8           128           500             0             1         61 164.559814            0 
            8           128           500             0             1         62 161.854980            0 
            8           128           500             0             1         63 164.252930            0 
            8           128           500             0             1         64 161.833984            0 
            8           128           500             0             1         65 164.782837            0 
            8           128           500             0             1         66 162.401978            0 
            8           128           500             0             1         67 164.252930            0 
            8           128           500             0             1         68 161.896118            0 
            8           128           500             0             1         69 164.830933            0 
            8           128           500             0             1         70 162.004028            0 
            8           128           500             0             1         71 164.795776            0 
            8           128           500             0             1         72 162.100952            0 
            8           128           500             0             1         73 164.639893            0 
            8           128           500             0             1         74 161.684082            0 
            8           128           500             0             1         75 164.616943            0 
            8           128           500             0             1         76 162.235107            0 
            8           128           500             0             1         77 164.556885            0 
            8           128           500             0             1         78 162.065186            0 
            8           128           500             0             1         79 164.891968            0 
            8           128           500             0             1         80 161.977173            0 
            8           128           500             0             1         81 164.971802            0 
            8           128           500             0             1         82 161.166138            0 
            8           128           500             0             1         83 164.764893            0 
            8           128           500             0             1         84 161.483154            0 
            8           128           500             0             1         85 164.931030            0 
            8           128           500             0             1         86 161.999023            0 
            8           128           500             0             1         87 165.053833            0 
            8           128           500             0             1         88 161.860229            0 
            8           128           500             0             1         89 164.853882            0 
            8           128           500             0             1         90 162.029053            0 
            8           128           500             0             1         91 164.834961            0 
            8           128           500             0             1         92 161.410156            0 
            8           128           500             0             1         93 164.496826            0 
            8           128           500             0             1         94 161.520142            0 
            8           128           500             0             1         95 164.629883            0 
            8           128           500             0             1         96 163.281006            0 
            8           128           500             0             1         97 164.260010            0 
            8           128           500             0             1         98 161.686035            0 
            8           128           500             0             1         99 164.992920            0 
            8           128           500             0             1        100 161.674194            0 
            8           128           500             0             1        101 217.345337            0 
            8           128           500             0             1        102 161.297241            0 
            8           128           500             0             1        103 164.677856            0 
            8           128           500             0             1        104 162.521118            0 
            8           128           500             0             1        105 164.538940            0 
            8           128           500             0             1        106 163.059937            0 
            8           128           500             0             1        107 164.870850            0 
            8           128           500             0             1        108 162.525024            0 
            8           128           500             0             1        109 164.638916            0 
            8           128           500             0             1        110 161.505005            0 
            8           128           500             0             1        111 164.553833            0 
            8           128           500             0             1        112 162.019043            0 
            8           128           500             0             1        113 164.745850            0 
            8           128           500             0             1        114 162.593018            0 
            8           128           500             0             1        115 164.589844            0 
            8           128           500             0             1        116 162.068970            0 
            8           128           500             0             1        117 164.728760            0 
            8           128           500             0             1        118 161.560059            0 
            8           128           500             0             1        119 164.719971            0 
            8           128           500             0             1        120 161.953247            0 
            8           128           500             0             1        121 164.591919            0 
            8           128           500             0             1        122 161.055176            0 
            8           128           500             0             1        123 164.753906            0 
            8           128           500             0             1        124 161.705078            0 
            8           128           500             0             1        125 164.100830            0 
            8           128           500             0             1        126 162.083130            0 
            8           128           500             0             1        127 164.472900            0 
            8           128           500             0             1        128 161.765991            0 
            8           128           500             0             1        129 164.965942            0 
            8           128           500             0             1        130 161.355103            0 
            8           128           500             0             1        131 164.670898            0 
            8           128           500             0             1        132 162.165039            0 
            8           128           500             0             1        133 164.246948            0 
            8           128           500             0             1        134 161.301147            0 
            8           128           500             0             1        135 164.685791            0 
            8           128           500             0             1        136 161.425049            0 
            8           128           500             0             1        137 164.693848            0 
            8           128           500             0             1        138 161.740112            0 
            8           128           500             0             1        139 164.991821            0 
            8           128           500             0             1        140 161.527100            0 
            8           128           500             0             1        141 164.556030            0 
            8           128           500             0             1        142 161.477173            0 
            8           128           500             0             1        143 164.570923            0 
            8           128           500             0             1        144 161.204102            0 
            8           128           500             0             1        145 164.961914            0 
            8           128           500             0             1        146 162.139160            0 
            8           128           500             0             1        147 164.686890            0 
            8           128           500             0             1        148 161.584106            0 
            8           128           500             0             1        149 164.239746            0 
            8           128           500             0             1        150 161.723145            0 
            8           128           500             0             1        151 164.585815            0 
            8           128           500             0             1        152 161.817139            0 
            8           128           500             0             1        153 164.831909            0 
            8           128           500             0             1        154 161.594116            0 
            8           128           500             0             1        155 164.885986            0 
            8           128           500             0             1        156 162.081055            0 
            8           128           500             0             1        157 164.486816            0 
            8           128           500             0             1        158 161.774170            0 
            8           128           500             0             1        159 164.686035            0 
            8           128           500             0             1        160 161.549194            0 
            8           128           500             0             1        161 164.793945            0 
            8           128           500             0             1        162 164.234009            0 
            8           128           500             0             1        163 164.869873            0 
            8           128           500             0             1        164 162.255981            0 
            8           128           500             0             1        165 232.986206            0 
            8           128           500             0             1        166 161.776001            0 
            8           128           500             0             1        167 164.825806            0 
            8           128           500             0             1        168 161.460083            0 
            8           128           500             0             1        169 164.822876            0 
            8           128           500             0             1        170 161.390015            0 
            8           128           500             0             1        171 164.781860            0 
            8           128           500             0             1        172 162.536987            0 
            8           128           500             0             1        173 165.027954            0 
            8           128           500             0             1        174 161.798096            0 
            8           128           500             0             1        175 165.152954            0 
            8           128           500             0             1        176 161.592041            1 
            8           128           500             0             1        177 164.592896            0 
            8           128           500             0             1        178 161.626221            0 
            8           128           500             0             1        179 164.286865            0 
            8           128           500             0             1        180 161.776123            0 
            8           128           500             0             1        181 164.881836            0 
            8           128           500             0             1        182 161.646973            0 
            8           128           500             0             1        183 164.809937            0 
            8           128           500             0             1        184 162.132935            0 
            8           128           500             0             1        185 164.474976            0 
            8           128           500             0             1        186 161.843140            0 
            8           128           500             0             1        187 164.751831            0 
            8           128           500             0             1        188 161.787964            0 
            8           128           500             0             1        189 164.824829            0 
            8           128           500             0             1        190 161.293091            0 
            8           128           500             0             1        191 164.861816            0 
            8           128           500             0             1        192 161.393066            0 
            8           128           500             0             1        193 164.821899            0 
            8           128           500             0             1        194 161.502075            0 
            8           128           500             0             1        195 164.623047            0 
            8           128           500             0             1        196 161.331177            0 
            8           128           500             0             1        197 164.661865            0 
            8           128           500             0             1        198 161.311035            0 
            8           128           500             0             1        199 165.003784            0 
            8           128           500             0             1        200 162.098145            0 
            8           128           500             0             1        201 164.362915            0 
            8           128           500             0             1        202 161.202148            0 
            8           128           500             0             1        203 164.960938            0 
            8           128           500             0             1        204 161.419067            0 
            8           128           500             0             1        205 164.682861            0 
            8           128           500             0             1        206 162.233032            0 
            8           128           500             0             1        207 164.749756            0 
            8           128           500             0             1        208 163.260864            0 
            8           128           500             0             1        209 164.261841            0 
            8           128           500             0             1        210 161.558105            0 
            8           128           500             0             1        211 164.515991            0 
            8           128           500             0             1        212 161.857178            0 
            8           128           500             0             1        213 164.208008            0 
            8           128           500             0             1        214 161.025146            0 
            8           128           500             0             1        215 164.884888            0 
            8           128           500             0             1        216 161.587158            0 
            8           128           500             0             1        217 164.244873            0 
            8           128           500             0             1        218 161.674072            0 
            8           128           500             0             1        219 164.737915            0 
            8           128           500             0             1        220 161.373047            0 
            8           128           500             0             1        221 164.798828            0 
            8           128           500             0             1        222 162.234009            0 
            8           128           500             0             1        223 164.678955            0 
            8           128           500             0             1        224 161.484009            0 
            8           128           500             0             1        225 164.615845            0 
            8           128           500             0             1        226 162.015137            0 
            8           128           500             0             1        227 165.210815            0 
            8           128           500             0             1        228 161.675049            0 
            8           128           500             0             1        229 164.616089            0 
            8           128           500             0             1        230 161.350098            0 
            8           128           500             0             1        231 164.640869            0 
            8           128           500             0             1        232 161.436157            0 
            8           128           500             0             1        233 164.274902            0 
            8           128           500             0             1        234 162.026001            0 
            8           128           500             0             1        235 164.883911            0 
            8           128           500             0             1        236 161.817017            0 
            8           128           500             0             1        237 164.848877            0 
            8           128           500             0             1        238 161.752075            0 
            8           128           500             0             1        239 163.954956            0 
            8           128           500             0             1        240 161.267212            0 
            8           128           500             0             1        241 164.330933            0 
            8           128           500             0             1        242 161.550171            0 
            8           128           500             0             1        243 164.895752            0 
            8           128           500             0             1        244 161.243042            0 
            8           128           500             0             1        245 164.778076            0 
            8           128           500             0             1        246 164.587891            0 
            8           128           500             0             1        247 164.845947            0 
            8           128           500             0             1        248 161.418213            0 
            8           128           500             0             1        249 164.781982            0 
            8           128           500             0             1        250 161.393188            0 
            8           128           500             0             1        251 164.582764            0 
            8           128           500             0             1        252 161.169067            0 
            8           128           500             0             1        253 164.454956            0 
            8           128           500             0             1        254 162.142090            0 
            8           128           500             0             1        255 164.750854            0 
            8           128           500             0             1        256 161.632080            2 
            8           128           500             0             1        257 165.112793            0 
            8           128           500             0             1        258 160.995117            0 
            8           128           500             0             1        259 164.590942            0 
            8           128           500             0             1        260 161.842041            0 
            8           128           500             0             1        261 164.752808            0 
            8           128           500             0             1        262 161.467163            0 
            8           128           500             0             1        263 164.668945            0 
            8           128           500             0             1        264 161.981079            0 
            8           128           500             0             1        265 164.278931            0 
            8           128           500             0             1        266 161.292114            0 
            8           128           500             0             1        267 164.985962            0 
            8           128           500             0             1        268 162.265137            0 
            8           128           500             0             1        269 164.033081            0 
            8           128           500             0             1        270 163.144897            0 
            8           128           500             0             1        271 164.599854            0 
            8           128           500             0             1        272 161.444092            0 
            8           128           500             0             1        273 164.521851            0 
            8           128           500             0             1        274 160.794067            0 
            8           128           500             0             1        275 164.846802            0 
            8           128           500             0             1        276 161.515137            0 
            8           128           500             0             1        277 164.654907            0 
            8           128           500             0             1        278 161.436035            0 
            8           128           500             0             1        279 164.424805            0 
            8           128           500             0             1        280 161.720215            0 
            8           128           500             0             1        281 164.534790            0 
            8           128           500             0             1        282 161.408081            0 
            8           128           500             0             1        283 164.828857            0 
            8           128           500             0             1        284 162.004028            0 
            8           128           500             0             1        285 164.427856            0 
            8           128           500             0             1        286 162.467896            0 
            8           128           500             0             1        287 164.936768            0 
            8           128           500             0             1        288 161.386108            0 
            8           128           500             0             1        289 164.227051            0 
            8           128           500             0             1        290 161.589111            0 
            8           128           500             0             1        291 164.922852            0 
            8           128           500             0             1        292 161.399170            0 
            8           128           500             0             1        293 164.373047            0 
            8           128           500             0             1        294 160.880981            0 
            8           128           500             0             1        295 164.621948            0 
            8           128           500             0             1        296 161.802246            0 
            8           128           500             0             1        297 164.730835            0 
            8           128           500             0             1        298 162.247192            0 
            8           128           500             0             1        299 164.791016            0 
            8           128           500             0             1        300 162.190063            0 
            8           128           500             0             1        301 164.263062            0 
            8           128           500             0             1        302 161.330933            0 
            8           128           500             0             1        303 164.596802            0 
            8           128           500             0             1        304 163.280151            0 
            8           128           500             0             1        305 164.656860            0 
            8           128           500             0             1        306 160.988159            0 
            8           128           500             0             1        307 164.484009            0 
            8           128           500             0             1        308 161.864136            0 
            8           128           500             0             1        309 164.220947            0 
            8           128           500             0             1        310 161.926025            0 
            8           128           500             0             1        311 164.437866            0 
            8           128           500             0             1        312 162.016968            0 
            8           128           500             0             1        313 164.842896            0 
            8           128           500             0             1        314 161.061157            0 
            8           128           500             0             1        315 164.826904            0 
            8           128           500             0             1        316 162.836060            0 
            8           128           500             0             1        317 164.812866            0 
            8           128           500             0             1        318 162.339966            0 
            8           128           500             0             1        319 164.794922            0 
            8           128           500             0             1        320 163.324951            0 
            8           128           500             0             1        321 164.435913            0 
            8           128           500             0             1        322 161.617188            0 
            8           128           500             0             1        323 164.727783            0 
            8           128           500             0             1        324 161.382080            0 
            8           128           500             0             1        325 164.657715            0 
            8           128           500             0             1        326 161.899048            0 
            8           128           500             0             1        327 164.693848            0 
            8           128           500             0             1        328 161.433105            0 
            8           128           500             0             1        329 164.622925            0 
            8           128           500             0             1        330 161.303101            0 
            8           128           500             0             1        331 164.772949            0 
            8           128           500             0             1        332 161.123169            0 
            8           128           500             0             1        333 164.434814            0 
            8           128           500             0             1        334 161.501099            0 
            8           128           500             0             1        335 163.924805            0 
            8           128           500             0             1        336 161.396118            0 
            8           128           500             0             1        337 164.385864            0 
            8           128           500             0             1        338 161.565186            0 
            8           128           500             0             1        339 164.460815            0 
            8           128           500             0             1        340 162.017090            0 
            8           128           500             0             1        341 164.450928            0 
            8           128           500             0             1        342 162.973999            0 
            8           128           500             0             1        343 164.670898            0 
            8           128           500             0             1        344 161.472168            0 
            8           128           500             0             1        345 164.853882            0 
            8           128           500             0             1        346 161.765991            0 
            8           128           500             0             1        347 164.989868            0 
            8           128           500             0             1        348 161.649170            0 
            8           128           500             0             1        349 164.810913            0 
            8           128           500             0             1        350 161.639038            0 
            8           128           500             0             1        351 164.965698            0 
            8           128           500             0             1        352 163.389893            0 
            8           128           500             0             1        353 164.525879            0 
            8           128           500             0             1        354 161.972046            0 
            8           128           500             0             1        355 164.635864            0 
            8           128           500             0             1        356 163.264160            0 
            8           128           500             0             1        357 272.995483            0 
            8           128           500             0             1        358 161.995117            0 
            8           128           500             0             1        359 164.642944            0 
            8           128           500             0             1        360 161.636963            0 
            8           128           500             0             1        361 164.318970            0 
            8           128           500             0             1        362 161.186157            0 
            8           128           500             0             1        363 164.313965            0 
            8           128           500             0             1        364 161.462036            0 
            8           128           500             0             1        365 164.522949            0 
            8           128           500             0             1        366 161.542114            0 
            8           128           500             0             1        367 164.598877            0 
            8           128           500             0             1        368 161.771973            0 
            8           128           500             0             1        369 164.360962            0 
            8           128           500             0             1        370 161.484131            0 
            8           128           500             0             1        371 164.645874            0 
            8           128           500             0             1        372 161.314087            0 
            8           128           500             0             1        373 164.945923            0 
            8           128           500             0             1        374 162.015015            0 
            8           128           500             0             1        375 164.745972            0 
            8           128           500             0             1        376 161.668091            0 
            8           128           500             0             1        377 164.679932            0 
            8           128           500             0             1        378 161.322998            0 
            8           128           500             0             1        379 164.984985            0 
            8           128           500             0             1        380 161.955200            0 
            8           128           500             0             1        381 164.694824            0 
            8           128           500             0             1        382 163.015015            0 
            8           128           500             0             1        383 164.760864            0 
            8           128           500             0             1        384 161.872925            0 
            8           128           500             0             1        385 164.715942            0 
            8           128           500             0             1        386 161.346069            0 
            8           128           500             0             1        387 164.927856            0 
            8           128           500             0             1        388 161.576050            0 
            8           128           500             0             1        389 164.825806            0 
            8           128           500             0             1        390 162.585083            0 
            8           128           500             0             1        391 164.615845            0 
            8           128           500             0             1        392 161.963989            0 
            8           128           500             0             1        393 165.039795            0 
            8           128           500             0             1        394 162.255005            0 
            8           128           500             0             1        395 164.456909            0 
            8           128           500             0             1        396 161.195068            0 
            8           128           500             0             1        397 164.218994            0 
            8           128           500             0             1        398 161.691040            0 
            8           128           500             0             1        399 164.797852            0 
            8           128           500             0             1        400 161.371094            0 
            8           128           500             0             1        401 164.678955            0 
            8           128           500             0             1        402 161.403076            0 
            8           128           500             0             1        403 164.651855            0 
            8           128           500             0             1        404 161.905029            0 
            8           128           500             0             1        405 164.325806            0 
            8           128           500             0             1        406 161.138184            0 
            8           128           500             0             1        407 173.701294            0 
            8           128           500             0             1        408 161.818115            0 
            8           128           500             0             1        409 164.571777            0 
            8           128           500             0             1        410 162.415039            0 
            8           128           500             0             1        411 164.772827            0 
            8           128           500             0             1        412 161.961060            0 
            8           128           500             0             1        413 164.642944            0 
            8           128           500             0             1        414 161.515991            0 
            8           128           500             0             1        415 164.581055            0 
            8           128           500             0             1        416 162.216064            0 
            8           128           500             0             1        417 164.611938            0 
            8           128           500             0             1        418 162.229980            0 
            8           128           500             0             1        419 164.734741            0 
            8           128           500             0             1        420 161.922974            0 
            8           128           500             0             1        421 164.606934            0 
            8           128           500             0             1        422 162.058105            0 
            8           128           500             0             1        423 164.540894            0 
            8           128           500             0             1        424 161.655029            0 
            8           128           500             0             1        425 165.088867            0 
            8           128           500             0             1        426 162.186035            0 
            8           128           500             0             1        427 164.760864            0 
            8           128           500             0             1        428 162.022095            0 
            8           128           500             0             1        429 164.445923            0 
            8           128           500             0             1        430 161.116211            0 
            8           128           500             0             1        431 164.666748            0 
            8           128           500             0             1        432 161.291016            0 
            8           128           500             0             1        433 165.046997            0 
            8           128           500             0             1        434 161.191162            0 
            8           128           500             0             1        435 165.026855            0 
            8           128           500             0             1        436 161.827148            0 
            8           128           500             0             1        437 164.910889            0 
            8           128           500             0             1        438 161.840088            0 
            8           128           500             0             1        439 164.459961            0 
            8           128           500             0             1        440 161.489258            0 
            8           128           500             0             1        441 164.768921            0 
            8           128           500             0             1        442 161.934204            0 
            8           128           500             0             1        443 164.714966            0 
            8           128           500             0             1        444 162.102051            0 
            8           128           500             0             1        445 164.019043            0 
            8           128           500             0             1        446 161.128052            0 
            8           128           500             0             1        447 164.672852            0 
            8           128           500             0             1        448 161.626099            0 
            8           128           500             0             1        449 164.739990            0 
            8           128           500             0             1        450 161.366943            0 
            8           128           500             0             1        451 164.865845            0 
            8           128           500             0             1        452 161.958008            0 
            8           128           500             0             1        453 164.784912            0 
            8           128           500             0             1        454 160.991211            0 
            8           128           500             0             1        455 164.613892            0 
            8           128           500             0             1        456 162.297119            0 
            8           128           500             0             1        457 165.232910            0 
            8           128           500             0             1        458 161.930054            0 
            8           128           500             0             1        459 164.605957            0 
            8           128           500             0             1        460 162.412964            0 
            8           128           500             0             1        461 164.752808            0 
            8           128           500             0             1        462 162.056030            0 
            8           128           500             0             1        463 164.486938            0 
            8           128           500             0             1        464 162.164917            0 
            8           128           500             0             1        465 166.340698            0 
            8           128           500             0             1        466 161.005127            0 
            8           128           500             0             1        467 164.624878            0 
            8           128           500             0             1        468 161.384155            0 
            8           128           500             0             1        469 164.672852            0 
            8           128           500             0             1        470 161.601074            0 
            8           128           500             0             1        471 164.507935            0 
            8           128           500             0             1        472 161.629150            0 
            8           128           500             0             1        473 164.638916            0 
            8           128           500             0             1        474 162.070068            0 
            8           128           500             0             1        475 163.989868            0 
            8           128           500             0             1        476 162.087036            0 
            8           128           500             0             1        477 165.050781            0 
            8           128           500             0             1        478 161.781128            0 
            8           128           500             0             1        479 164.817993            0 
            8           128           500             0             1        480 161.510254            0 
            8           128           500             0             1        481 164.433105            0 
            8           128           500             0             1        482 161.207031            0 
            8           128           500             0             1        483 164.511841            0 
            8           128           500             0             1        484 162.056152            0 
            8           128           500             0             1        485 165.080811            0 
            8           128           500             0             1        486 161.625000            0 
            8           128           500             0             1        487 165.021851            0 
            8           128           500             0             1        488 161.969116            0 
            8           128           500             0             1        489 164.695068            0 
            8           128           500             0             1        490 162.231201            0 
            8           128           500             0             1        491 164.784912            0 
            8           128           500             0             1        492 161.561279            0 
            8           128           500             0             1        493 164.662964            0 
            8           128           500             0             1        494 162.145874            0 
            8           128           500             0             1        495 164.403076            0 
            8           128           500             0             1        496 162.302979            0 
            8           128           500             0             1        497 164.303955            0 
            8           128           500             0             1        498 161.024048            0 
            8           128           500             0             1        499 164.826782            0 
# Runtime: 1.879652 s (overhead: 0.000160 %) 500 records
