# Execution time and date (UTC): Fri Aug  9 15:24:11 2024
# Execution time and date (local): Fri Aug  9 18:24:11 2024
# MPI execution on rank 0 with 2 processes in world
# Reported time measurements are in microseconds
# pretty output format
     msg_size  window_size         runs   recv_index    num_peers       id         time     overhead 
            8             1           500             0             1          0 14.433105            0 
            8             1           500             0             1          1 10.564331            0 
            8             1           500             0             1          2 10.819214            0 
            8             1           500             0             1          3 10.946289            0 
            8             1           500             0             1          4 10.521118            0 
            8             1           500             0             1          5 10.668213            0 
            8             1           500             0             1          6 10.670288            0 
            8             1           500             0             1          7 10.774292            0 
            8             1           500             0             1          8 10.808350            0 
            8             1           500             0             1          9 10.798340            0 
            8             1           500             0             1         10 10.642334            0 
            8             1           500             0             1         11 10.635254            0 
            8             1           500             0             1         12 10.360229            0 
            8             1           500             0             1         13 10.514282            0 
            8             1           500             0             1         14 10.589355            0 
            8             1           500             0             1         15 10.487305            0 
            8             1           500             0             1         16 10.052246            0 
            8             1           500             0             1         17 10.287354            0 
            8             1           500             0             1         18 10.327393            0 
            8             1           500             0             1         19 14.802002            0 
            8             1           500             0             1         20 10.267334            0 
            8             1           500             0             1         21 10.420410            0 
            8             1           500             0             1         22 10.265259            0 
            8             1           500             0             1         23 10.486206            0 
            8             1           500             0             1         24 10.158203            0 
            8             1           500             0             1         25 10.138428            0 
            8             1           500             0             1         26 10.081299            0 
            8             1           500             0             1         27 10.463379            0 
            8             1           500             0             1         28 10.053223            0 
            8             1           500             0             1         29 10.387329            0 
            8             1           500             0             1         30 10.630249            0 
            8             1           500             0             1         31 10.502319            0 
            8             1           500             0             1         32 12.033203            0 
            8             1           500             0             1         33 9.929321            0 
            8             1           500             0             1         34 10.173218            0 
            8             1           500             0             1         35 10.426147            0 
            8             1           500             0             1         36 10.538208            0 
            8             1           500             0             1         37 9.917236            0 
            8             1           500             0             1         38 10.132202            0 
            8             1           500             0             1         39 10.209229            0 
            8             1           500             0             1         40 9.830322            0 
            8             1           500             0             1         41 9.891357            0 
            8             1           500             0             1         42 10.035156            0 
            8             1           500             0             1         43 9.891357            0 
            8             1           500             0             1         44 9.936523            0 
            8             1           500             0             1         45 9.992188            0 
            8             1           500             0             1         46 9.916382            0 
            8             1           500             0             1         47 10.150269            0 
            8             1           500             0             1         48 9.867310            0 
            8             1           500             0             1         49 10.061279            0 
            8             1           500             0             1         50 9.947266            0 
            8             1           500             0             1         51 10.146362            0 
            8             1           500             0             1         52 9.870361            0 
            8             1           500             0             1         53 9.900269            0 
            8             1           500             0             1         54 9.886353            0 
            8             1           500             0             1         55 10.030273            0 
            8             1           500             0             1         56 10.083374            0 
            8             1           500             0             1         57 10.142334            0 
            8             1           500             0             1         58 9.906372            0 
            8             1           500             0             1         59 10.307373            0 
            8             1           500             0             1         60 9.923340            0 
            8             1           500             0             1         61 9.848267            0 
            8             1           500             0             1         62 9.942261            0 
            8             1           500             0             1         63 10.143433            0 
            8             1           500             0             1         64 9.998291           10 
            8             1           500             0             1         65 9.940186            0 
            8             1           500             0             1         66 9.789307            0 
            8             1           500             0             1         67 10.056396            0 
            8             1           500             0             1         68 10.017212            0 
            8             1           500             0             1         69 10.001221            0 
            8             1           500             0             1         70 9.875366            0 
            8             1           500             0             1         71 10.148438            0 
            8             1           500             0             1         72 10.044312            0 
            8             1           500             0             1         73 9.942261            0 
            8             1           500             0             1         74 9.785400            0 
            8             1           500             0             1         75 10.182251            0 
            8             1           500             0             1         76 9.827393            0 
            8             1           500             0             1         77 10.097412            0 
            8             1           500             0             1         78 10.017456            0 
            8             1           500             0             1         79 10.243408            0 
            8             1           500             0             1         80 9.971436            0 
            8             1           500             0             1         81 10.036255            0 
            8             1           500             0             1         82 9.864380            0 
            8             1           500             0             1         83 10.244507            0 
            8             1           500             0             1         84 9.869263            0 
            8             1           500             0             1         85 9.957153            0 
            8             1           500             0             1         86 9.931274            0 
            8             1           500             0             1         87 10.274292            0 
            8             1           500             0             1         88 9.901245            0 
            8             1           500             0             1         89 10.063232            0 
            8             1           500             0             1         90 9.979370            0 
            8             1           500             0             1         91 10.170410            0 
            8             1           500             0             1         92 9.817261            0 
            8             1           500             0             1         93 10.130249            0 
            8             1           500             0             1         94 9.933350            0 
            8             1           500             0             1         95 10.411255            0 
            8             1           500             0             1         96 10.039307            0 
            8             1           500             0             1         97 9.991211            0 
            8             1           500             0             1         98 9.960327            0 
            8             1           500             0             1         99 10.058350            0 
            8             1           500             0             1        100 9.816406            0 
            8             1           500             0             1        101 9.879272            0 
            8             1           500             0             1        102 11.575195            0 
            8             1           500             0             1        103 9.923340            0 
            8             1           500             0             1        104 9.939331            0 
            8             1           500             0             1        105 10.238281            0 
            8             1           500             0             1        106 9.871338            0 
            8             1           500             0             1        107 10.186401            0 
            8             1           500             0             1        108 9.811279            0 
            8             1           500             0             1        109 9.888306            0 
            8             1           500             0             1        110 9.777344            0 
            8             1           500             0             1        111 9.978271            0 
            8             1           500             0             1        112 9.875244            0 
            8             1           500             0             1        113 10.033447            0 
            8             1           500             0             1        114 9.877319            0 
            8             1           500             0             1        115 10.063354            0 
            8             1           500             0             1        116 9.845337            0 
            8             1           500             0             1        117 9.784302            0 
            8             1           500             0             1        118 9.840332            0 
            8             1           500             0             1        119 10.100342            0 
            8             1           500             0             1        120 9.900391            0 
            8             1           500             0             1        121 10.018311            0 
            8             1           500             0             1        122 10.016357            0 
            8             1           500             0             1        123 10.129395            0 
            8             1           500             0             1        124 9.987305            0 
            8             1           500             0             1        125 9.819336            0 
            8             1           500             0             1        126 12.831177            0 
            8             1           500             0             1        127 10.329224            0 
            8             1           500             0             1        128 10.273193            0 
            8             1           500             0             1        129 9.911255            0 
            8             1           500             0             1        130 9.918457            0 
            8             1           500             0             1        131 10.069336            0 
            8             1           500             0             1        132 10.050293            0 
            8             1           500             0             1        133 9.841187            0 
            8             1           500             0             1        134 9.943359            0 
            8             1           500             0             1        135 10.150269            0 
            8             1           500             0             1        136 9.889404            0 
            8             1           500             0             1        137 10.103394            0 
            8             1           500             0             1        138 10.054443            0 
            8             1           500             0             1        139 10.136230            0 
            8             1           500             0             1        140 9.913208            0 
            8             1           500             0             1        141 10.075439            0 
            8             1           500             0             1        142 10.161255            0 
            8             1           500             0             1        143 9.957275            0 
            8             1           500             0             1        144 9.685425            0 
            8             1           500             0             1        145 9.879395            0 
            8             1           500             0             1        146 10.009277            0 
            8             1           500             0             1        147 10.056274            0 
            8             1           500             0             1        148 10.041382            0 
            8             1           500             0             1        149 9.859375            0 
            8             1           500             0             1        150 10.126343            0 
            8             1           500             0             1        151 10.021362            0 
            8             1           500             0             1        152 10.032349            0 
            8             1           500             0             1        153 9.895386            0 
            8             1           500             0             1        154 9.926392            0 
            8             1           500             0             1        155 10.170288            0 
            8             1           500             0             1        156 9.914429            0 
            8             1           500             0             1        157 9.924438            0 
            8             1           500             0             1        158 10.195190            0 
            8             1           500             0             1        159 10.341309            0 
            8             1           500             0             1        160 10.019409            0 
            8             1           500             0             1        161 9.899292            0 
            8             1           500             0             1        162 9.799316            0 
            8             1           500             0             1        163 10.040405            0 
            8             1           500             0             1        164 9.968384            0 
            8             1           500             0             1        165 9.862305            0 
            8             1           500             0             1        166 9.802368            0 
            8             1           500             0             1        167 10.095337            0 
            8             1           500             0             1        168 9.950317            0 
            8             1           500             0             1        169 10.004395            0 
            8             1           500             0             1        170 9.850464            0 
            8             1           500             0             1        171 10.154419            0 
            8             1           500             0             1        172 10.094238            0 
            8             1           500             0             1        173 10.068359            0 
            8             1           500             0             1        174 9.876343            0 
            8             1           500             0             1        175 10.097290            0 
            8             1           500             0             1        176 9.858398            0 
            8             1           500             0             1        177 9.756348            0 
            8             1           500             0             1        178 9.759277            0 
            8             1           500             0             1        179 9.958374            0 
            8             1           500             0             1        180 9.827148            0 
            8             1           500             0             1        181 9.882324            0 
            8             1           500             0             1        182 10.081421            0 
            8             1           500             0             1        183 10.105225            0 
            8             1           500             0             1        184 9.933350            0 
            8             1           500             0             1        185 9.794312            0 
            8             1           500             0             1        186 9.774292            0 
            8             1           500             0             1        187 10.082397            0 
            8             1           500             0             1        188 9.984375            0 
            8             1           500             0             1        189 9.910400            0 
            8             1           500             0             1        190 9.905396            0 
            8             1           500             0             1        191 10.305298            0 
            8             1           500             0             1        192 10.207397            0 
            8             1           500             0             1        193 9.746338            0 
            8             1           500             0             1        194 9.814453            0 
            8             1           500             0             1        195 10.163208            0 
            8             1           500             0             1        196 9.799316            0 
            8             1           500             0             1        197 9.958374            0 
            8             1           500             0             1        198 9.983398            0 
            8             1           500             0             1        199 10.109375            0 
            8             1           500             0             1        200 9.797363            0 
            8             1           500             0             1        201 10.032349            0 
            8             1           500             0             1        202 9.807373            0 
            8             1           500             0             1        203 10.128296            0 
            8             1           500             0             1        204 9.908447            0 
            8             1           500             0             1        205 10.036377            0 
            8             1           500             0             1        206 9.953247            0 
            8             1           500             0             1        207 10.220337            0 
            8             1           500             0             1        208 9.841309            0 
            8             1           500             0             1        209 9.843384            0 
            8             1           500             0             1        210 9.954346            0 
            8             1           500             0             1        211 10.063354            0 
            8             1           500             0             1        212 9.825195            0 
            8             1           500             0             1        213 9.998291            0 
            8             1           500             0             1        214 9.760254            0 
            8             1           500             0             1        215 10.125244            0 
            8             1           500             0             1        216 10.071289            0 
            8             1           500             0             1        217 10.037354            0 
            8             1           500             0             1        218 10.122437            0 
            8             1           500             0             1        219 10.310425            0 
            8             1           500             0             1        220 10.037354            0 
            8             1           500             0             1        221 9.989380            0 
            8             1           500             0             1        222 9.885254            0 
            8             1           500             0             1        223 10.303467            0 
            8             1           500             0             1        224 9.977295            0 
            8             1           500             0             1        225 9.850464            0 
            8             1           500             0             1        226 10.074219            0 
            8             1           500             0             1        227 10.166382            0 
            8             1           500             0             1        228 10.025391            0 
            8             1           500             0             1        229 9.934326            0 
            8             1           500             0             1        230 9.799316            0 
            8             1           500             0             1        231 10.018188            0 
            8             1           500             0             1        232 10.203369            0 
            8             1           500             0             1        233 10.281372            0 
            8             1           500             0             1        234 9.920410            0 
            8             1           500             0             1        235 10.184204            0 
            8             1           500             0             1        236 10.104370            0 
            8             1           500             0             1        237 9.872314            0 
            8             1           500             0             1        238 9.889404            0 
            8             1           500             0             1        239 10.105469            0 
            8             1           500             0             1        240 9.728516            0 
            8             1           500             0             1        241 9.875244            0 
            8             1           500             0             1        242 9.677368            0 
            8             1           500             0             1        243 10.184326            0 
            8             1           500             0             1        244 9.899292            0 
            8             1           500             0             1        245 9.701294            0 
            8             1           500             0             1        246 9.776489            0 
            8             1           500             0             1        247 9.976440            0 
            8             1           500             0             1        248 9.912354            0 
            8             1           500             0             1        249 9.971313            0 
            8             1           500             0             1        250 10.045288            0 
            8             1           500             0             1        251 10.212280            0 
            8             1           500             0             1        252 9.785278            0 
            8             1           500             0             1        253 10.049316            0 
            8             1           500             0             1        254 10.007324            0 
            8             1           500             0             1        255 10.294312            0 
            8             1           500             0             1        256 10.390259            0 
            8             1           500             0             1        257 10.034302            0 
            8             1           500             0             1        258 10.020386            0 
            8             1           500             0             1        259 10.129395            0 
            8             1           500             0             1        260 10.150391            0 
            8             1           500             0             1        261 10.038330            0 
            8             1           500             0             1        262 10.027466            0 
            8             1           500             0             1        263 10.246460            0 
            8             1           500             0             1        264 9.887207            0 
            8             1           500             0             1        265 10.039307            0 
            8             1           500             0             1        266 9.922241            0 
            8             1           500             0             1        267 10.048340            0 
            8             1           500             0             1        268 10.132324            0 
            8             1           500             0             1        269 9.978394            0 
            8             1           500             0             1        270 9.999390            0 
            8             1           500             0             1        271 10.131226            0 
            8             1           500             0             1        272 10.026367            0 
            8             1           500             0             1        273 10.042236            0 
            8             1           500             0             1        274 9.926270            0 
            8             1           500             0             1        275 10.238403            0 
            8             1           500             0             1        276 9.882324            0 
            8             1           500             0             1        277 9.944214            0 
            8             1           500             0             1        278 9.979248            0 
            8             1           500             0             1        279 10.233276            0 
            8             1           500             0             1        280 9.843384            0 
            8             1           500             0             1        281 9.997314            0 
            8             1           500             0             1        282 10.076416            0 
            8             1           500             0             1        283 10.027344            0 
            8             1           500             0             1        284 9.925415            0 
            8             1           500             0             1        285 9.890381            0 
            8             1           500             0             1        286 10.032349            0 
            8             1           500             0             1        287 10.094360            0 
            8             1           500             0             1        288 10.053345            0 
            8             1           500             0             1        289 9.996460            0 
            8             1           500             0             1        290 10.113403            0 
            8             1           500             0             1        291 10.202271            0 
            8             1           500             0             1        292 9.835449            0 
            8             1           500             0             1        293 9.955322            0 
            8             1           500             0             1        294 9.823486            0 
            8             1           500             0             1        295 10.007324            0 
            8             1           500             0             1        296 10.128296            0 
            8             1           500             0             1        297 9.922363            0 
            8             1           500             0             1        298 9.918335            0 
            8             1           500             0             1        299 10.070312            0 
            8             1           500             0             1        300 9.906372            0 
            8             1           500             0             1        301 10.010376            0 
            8             1           500             0             1        302 9.745361            0 
            8             1           500             0             1        303 10.042358            0 
            8             1           500             0             1        304 9.901367            0 
            8             1           500             0             1        305 9.986450            0 
            8             1           500             0             1        306 9.876343            0 
            8             1           500             0             1        307 10.018311            0 
            8             1           500             0             1        308 9.933350            0 
            8             1           500             0             1        309 9.939331            0 
            8             1           500             0             1        310 9.915527            0 
            8             1           500             0             1        311 9.940186            0 
            8             1           500             0             1        312 9.904297            0 
            8             1           500             0             1        313 9.967407            0 
            8             1           500             0             1        314 10.119385            0 
            8             1           500             0             1        315 10.241333            0 
            8             1           500             0             1        316 9.933228            0 
            8             1           500             0             1        317 9.814209            0 
            8             1           500             0             1        318 9.961426            0 
            8             1           500             0             1        319 10.257202            0 
            8             1           500             0             1        320 10.409302            0 
            8             1           500             0             1        321 10.185303            0 
            8             1           500             0             1        322 10.115234            0 
            8             1           500             0             1        323 10.117310            0 
            8             1           500             0             1        324 9.945312            0 
            8             1           500             0             1        325 10.191284            0 
            8             1           500             0             1        326 10.037354            0 
            8             1           500             0             1        327 10.185303            0 
            8             1           500             0             1        328 10.153320            0 
            8             1           500             0             1        329 10.141357            0 
            8             1           500             0             1        330 10.206299            0 
            8             1           500             0             1        331 10.076416            0 
            8             1           500             0             1        332 9.939331            0 
            8             1           500             0             1        333 10.161377            0 
            8             1           500             0             1        334 10.018311            0 
            8             1           500             0             1        335 10.266357            0 
            8             1           500             0             1        336 10.200317            0 
            8             1           500             0             1        337 10.083374            0 
            8             1           500             0             1        338 9.964355            0 
            8             1           500             0             1        339 10.168213            0 
            8             1           500             0             1        340 10.145386            0 
            8             1           500             0             1        341 10.205444            0 
            8             1           500             0             1        342 10.098267            0 
            8             1           500             0             1        343 10.230225            0 
            8             1           500             0             1        344 9.896362            0 
            8             1           500             0             1        345 10.126221            0 
            8             1           500             0             1        346 10.078369            0 
            8             1           500             0             1        347 10.161377            0 
            8             1           500             0             1        348 9.939331            0 
            8             1           500             0             1        349 10.181274            0 
            8             1           500             0             1        350 9.897339            0 
            8             1           500             0             1        351 10.256348            0 
            8             1           500             0             1        352 10.074219            0 
            8             1           500             0             1        353 9.851318            0 
            8             1           500             0             1        354 9.972168            0 
            8             1           500             0             1        355 9.956299            0 
            8             1           500             0             1        356 9.882324            0 
            8             1           500             0             1        357 10.150269            0 
            8             1           500             0             1        358 10.030396            0 
            8             1           500             0             1        359 10.114258            0 
            8             1           500             0             1        360 10.031250            0 
            8             1           500             0             1        361 10.004395            0 
            8             1           500             0             1        362 9.826294            0 
            8             1           500             0             1        363 9.975342            0 
            8             1           500             0             1        364 9.901245            0 
            8             1           500             0             1        365 10.066406            0 
            8             1           500             0             1        366 9.961304            0 
            8             1           500             0             1        367 10.232300            0 
            8             1           500             0             1        368 9.865479            0 
            8             1           500             0             1        369 9.951294            0 
            8             1           500             0             1        370 10.069336            0 
            8             1           500             0             1        371 10.150269            0 
            8             1           500             0             1        372 9.909424            0 
            8             1           500             0             1        373 9.888306            0 
            8             1           500             0             1        374 10.005371            0 
            8             1           500             0             1        375 10.220337            0 
            8             1           500             0             1        376 9.909302            0 
            8             1           500             0             1        377 9.953369            0 
            8             1           500             0             1        378 10.120483            0 
            8             1           500             0             1        379 10.251343            0 
            8             1           500             0             1        380 10.018311            0 
            8             1           500             0             1        381 10.107422            0 
            8             1           500             0             1        382 9.920288            0 
            8             1           500             0             1        383 10.094238            0 
            8             1           500             0             1        384 10.289185            0 
            8             1           500             0             1        385 10.073242            0 
            8             1           500             0             1        386 10.255371            0 
            8             1           500             0             1        387 10.320190            0 
            8             1           500             0             1        388 10.185303            0 
            8             1           500             0             1        389 10.090332            0 
            8             1           500             0             1        390 10.117310            0 
            8             1           500             0             1        391 10.134277            0 
            8             1           500             0             1        392 10.293213            0 
            8             1           500             0             1        393 10.363281            0 
            8             1           500             0             1        394 10.179321            0 
            8             1           500             0             1        395 10.277344            0 
            8             1           500             0             1        396 10.238281            0 
            8             1           500             0             1        397 10.138306            0 
            8             1           500             0             1        398 9.969360            0 
            8             1           500             0             1        399 10.186401            0 
            8             1           500             0             1        400 9.939453            0 
            8             1           500             0             1        401 10.030273            0 
            8             1           500             0             1        402 10.047241            0 
            8             1           500             0             1        403 10.136230            0 
            8             1           500             0             1        404 9.862305            0 
            8             1           500             0             1        405 9.908325            0 
            8             1           500             0             1        406 9.885376            0 
            8             1           500             0             1        407 10.055298            0 
            8             1           500             0             1        408 10.138306            0 
            8             1           500             0             1        409 10.051147            0 
            8             1           500             0             1        410 10.010376            0 
            8             1           500             0             1        411 10.168213            0 
            8             1           500             0             1        412 9.928467            0 
            8             1           500             0             1        413 9.968384            0 
            8             1           500             0             1        414 10.071289            0 
            8             1           500             0             1        415 10.272339            0 
            8             1           500             0             1        416 9.990356            0 
            8             1           500             0             1        417 9.885376            0 
            8             1           500             0             1        418 9.760254            0 
            8             1           500             0             1        419 10.192383            0 
            8             1           500             0             1        420 9.824219            0 
            8             1           500             0             1        421 9.961304            0 
            8             1           500             0             1        422 9.753296            0 
            8             1           500             0             1        423 10.076294            0 
            8             1           500             0             1        424 10.117188            0 
            8             1           500             0             1        425 10.266357            0 
            8             1           500             0             1        426 10.010254            0 
            8             1           500             0             1        427 10.061401            0 
            8             1           500             0             1        428 10.045288            0 
            8             1           500             0             1        429 10.107300            0 
            8             1           500             0             1        430 9.999268            0 
            8             1           500             0             1        431 10.127319            0 
            8             1           500             0             1        432 9.987183            0 
            8             1           500             0             1        433 10.166382            0 
            8             1           500             0             1        434 9.768433            0 
            8             1           500             0             1        435 10.122314            0 
            8             1           500             0             1        436 10.054199            0 
            8             1           500             0             1        437 9.869385            0 
            8             1           500             0             1        438 9.826294            0 
            8             1           500             0             1        439 10.018311            0 
            8             1           500             0             1        440 9.918457            0 
            8             1           500             0             1        441 9.905151            0 
            8             1           500             0             1        442 10.015381            0 
            8             1           500             0             1        443 10.158325            0 
            8             1           500             0             1        444 10.035400            0 
            8             1           500             0             1        445 9.967285            0 
            8             1           500             0             1        446 10.016357            0 
            8             1           500             0             1        447 10.412354            0 
            8             1           500             0             1        448 10.058350            0 
            8             1           500             0             1        449 9.947388            0 
            8             1           500             0             1        450 9.956421            0 
            8             1           500             0             1        451 10.261353            0 
            8             1           500             0             1        452 10.121338            0 
            8             1           500             0             1        453 9.886353            0 
            8             1           500             0             1        454 9.977295            0 
            8             1           500             0             1        455 10.089355            0 
            8             1           500             0             1        456 9.853271            0 
            8             1           500             0             1        457 9.799316            0 
            8             1           500             0             1        458 10.060303            0 
            8             1           500             0             1        459 10.159424            0 
            8             1           500             0             1        460 9.788330            0 
            8             1           500             0             1        461 9.930420            0 
            8             1           500             0             1        462 9.801392            0 
            8             1           500             0             1        463 10.187378            0 
            8             1           500             0             1        464 10.298340            0 
            8             1           500             0             1        465 9.980347            0 
            8             1           500             0             1        466 10.050415            0 
            8             1           500             0             1        467 10.390259            0 
            8             1           500             0             1        468 9.985352            0 
            8             1           500             0             1        469 9.947266            0 
            8             1           500             0             1        470 9.966309            0 
            8             1           500             0             1        471 10.302368            0 
            8             1           500             0             1        472 9.820312            0 
            8             1           500             0             1        473 9.796387            0 
            8             1           500             0             1        474 10.034302            0 
            8             1           500             0             1        475 10.348267            0 
            8             1           500             0             1        476 9.874390            0 
            8             1           500             0             1        477 9.911377            0 
            8             1           500             0             1        478 9.998413            0 
            8             1           500             0             1        479 10.127319            0 
            8             1           500             0             1        480 9.891357            0 
            8             1           500             0             1        481 9.988403            0 
            8             1           500             0             1        482 9.945312            0 
            8             1           500             0             1        483 10.231323            0 
            8             1           500             0             1        484 9.851318            0 
            8             1           500             0             1        485 10.044434            0 
            8             1           500             0             1        486 10.013306            0 
            8             1           500             0             1        487 10.211426            0 
            8             1           500             0             1        488 9.833374            0 
            8             1           500             0             1        489 10.033203            0 
            8             1           500             0             1        490 10.057251            0 
            8             1           500             0             1        491 10.140259            0 
            8             1           500             0             1        492 9.869385            0 
            8             1           500             0             1        493 10.026245            0 
            8             1           500             0             1        494 9.774292            0 
            8             1           500             0             1        495 9.917358            0 
            8             1           500             0             1        496 10.041260            0 
            8             1           500             0             1        497 9.960327            0 
            8             1           500             0             1        498 9.857300            0 
            8             1           500             0             1        499 10.212280            0 
# Runtime: 0.052489 s (overhead: 0.019052 %) 500 records
