# Execution time and date (UTC): Fri Aug  9 15:23:23 2024
# Execution time and date (local): Fri Aug  9 18:23:23 2024
# MPI execution on rank 0 with 2 processes in world
# Reported time measurements are in microseconds
# pretty output format
     msg_size  window_size         runs   recv_index    num_peers       id         time     overhead 
            8             1           500             0             1          0 14.140991            0 
            8             1           500             0             1          1 10.952271            0 
            8             1           500             0             1          2 10.752319            0 
            8             1           500             0             1          3 11.029175            0 
            8             1           500             0             1          4 10.971313            0 
            8             1           500             0             1          5 10.799194            0 
            8             1           500             0             1          6 10.743286            0 
            8             1           500             0             1          7 10.754272            0 
            8             1           500             0             1          8 10.743286            0 
            8             1           500             0             1          9 10.829346            0 
            8             1           500             0             1         10 10.825317            0 
            8             1           500             0             1         11 10.671265            0 
            8             1           500             0             1         12 10.936279            0 
            8             1           500             0             1         13 10.670288            0 
            8             1           500             0             1         14 10.539185            0 
            8             1           500             0             1         15 11.048218            0 
            8             1           500             0             1         16 10.331299            0 
            8             1           500             0             1         17 9.857178            0 
            8             1           500             0             1         18 10.246338            0 
            8             1           500             0             1         19 10.605225            0 
            8             1           500             0             1         20 10.453369            0 
            8             1           500             0             1         21 9.946411            0 
            8             1           500             0             1         22 10.347290            0 
            8             1           500             0             1         23 10.671265            0 
            8             1           500             0             1         24 9.823242            0 
            8             1           500             0             1         25 9.690308            0 
            8             1           500             0             1         26 9.922241            0 
            8             1           500             0             1         27 10.132324            0 
            8             1           500             0             1         28 9.846436            0 
            8             1           500             0             1         29 9.769287            0 
            8             1           500             0             1         30 10.004395            0 
            8             1           500             0             1         31 10.259399            0 
            8             1           500             0             1         32 9.962402            0 
            8             1           500             0             1         33 10.039429            0 
            8             1           500             0             1         34 9.940308            0 
            8             1           500             0             1         35 10.205200            0 
            8             1           500             0             1         36 10.115356            0 
            8             1           500             0             1         37 10.064331            0 
            8             1           500             0             1         38 10.051270            0 
            8             1           500             0             1         39 10.144287            0 
            8             1           500             0             1         40 10.020264            0 
            8             1           500             0             1         41 10.149292            0 
            8             1           500             0             1         42 10.074341            0 
            8             1           500             0             1         43 10.204346            0 
            8             1           500             0             1         44 10.067383            0 
            8             1           500             0             1         45 10.074341            0 
            8             1           500             0             1         46 10.027466            0 
            8             1           500             0             1         47 10.197388            0 
            8             1           500             0             1         48 10.076294            0 
            8             1           500             0             1         49 10.112305            0 
            8             1           500             0             1         50 10.028320            0 
            8             1           500             0             1         51 10.331177            0 
            8             1           500             0             1         52 9.981323            0 
            8             1           500             0             1         53 9.895386            0 
            8             1           500             0             1         54 9.816284            0 
            8             1           500             0             1         55 10.199341            0 
            8             1           500             0             1         56 9.775269            0 
            8             1           500             0             1         57 9.872314            0 
            8             1           500             0             1         58 9.930176            0 
            8             1           500             0             1         59 10.124390            0 
            8             1           500             0             1         60 9.898315            0 
            8             1           500             0             1         61 10.036377            0 
            8             1           500             0             1         62 9.836304            0 
            8             1           500             0             1         63 10.269287            0 
            8             1           500             0             1         64 9.987183           10 
            8             1           500             0             1         65 9.830200            0 
            8             1           500             0             1         66 10.118408            0 
            8             1           500             0             1         67 10.365356            0 
            8             1           500             0             1         68 9.957275            0 
            8             1           500             0             1         69 9.929321            0 
            8             1           500             0             1         70 9.823242            0 
            8             1           500             0             1         71 10.161255            0 
            8             1           500             0             1         72 9.967285            0 
            8             1           500             0             1         73 9.950317            0 
            8             1           500             0             1         74 10.041260            0 
            8             1           500             0             1         75 10.270386            0 
            8             1           500             0             1         76 10.116333            0 
            8             1           500             0             1         77 9.993286            0 
            8             1           500             0             1         78 10.109375            0 
            8             1           500             0             1         79 10.295166            0 
            8             1           500             0             1         80 9.930176            0 
            8             1           500             0             1         81 9.867310            0 
            8             1           500             0             1         82 9.812256            0 
            8             1           500             0             1         83 10.172363            0 
            8             1           500             0             1         84 10.019409            0 
            8             1           500             0             1         85 10.176270            0 
            8             1           500             0             1         86 9.900391            0 
            8             1           500             0             1         87 10.073242            0 
            8             1           500             0             1         88 9.912354            0 
            8             1           500             0             1         89 10.009277            0 
            8             1           500             0             1         90 9.940308            0 
            8             1           500             0             1         91 10.243408            0 
            8             1           500             0             1         92 10.017334            0 
            8             1           500             0             1         93 9.927368            0 
            8             1           500             0             1         94 9.857300            0 
            8             1           500             0             1         95 10.417236            0 
            8             1           500             0             1         96 10.102417            0 
            8             1           500             0             1         97 9.939331            0 
            8             1           500             0             1         98 10.116211            0 
            8             1           500             0             1         99 10.247314            0 
            8             1           500             0             1        100 9.989380            0 
            8             1           500             0             1        101 10.129395            0 
            8             1           500             0             1        102 9.856323            0 
            8             1           500             0             1        103 10.083374            0 
            8             1           500             0             1        104 10.080322            0 
            8             1           500             0             1        105 10.087280            0 
            8             1           500             0             1        106 10.146240            0 
            8             1           500             0             1        107 10.277222            0 
            8             1           500             0             1        108 10.100342            0 
            8             1           500             0             1        109 10.157349            0 
            8             1           500             0             1        110 10.142212            0 
            8             1           500             0             1        111 10.363281            0 
            8             1           500             0             1        112 9.973389            0 
            8             1           500             0             1        113 9.858276            0 
            8             1           500             0             1        114 9.829346            0 
            8             1           500             0             1        115 10.068237            0 
            8             1           500             0             1        116 9.934204            0 
            8             1           500             0             1        117 9.801392            0 
            8             1           500             0             1        118 9.777344            0 
            8             1           500             0             1        119 10.098267            0 
            8             1           500             0             1        120 9.986328            0 
            8             1           500             0             1        121 9.958374            0 
            8             1           500             0             1        122 10.032227            0 
            8             1           500             0             1        123 10.363281            0 
            8             1           500             0             1        124 10.000366            0 
            8             1           500             0             1        125 11.939209            0 
            8             1           500             0             1        126 10.070435            0 
            8             1           500             0             1        127 10.195190            0 
            8             1           500             0             1        128 10.403198            0 
            8             1           500             0             1        129 10.146240            0 
            8             1           500             0             1        130 10.139404            0 
            8             1           500             0             1        131 10.355225            0 
            8             1           500             0             1        132 10.072388            0 
            8             1           500             0             1        133 9.934448            0 
            8             1           500             0             1        134 10.167358            0 
            8             1           500             0             1        135 10.152222            0 
            8             1           500             0             1        136 10.129395            0 
            8             1           500             0             1        137 10.140381            0 
            8             1           500             0             1        138 10.177246            0 
            8             1           500             0             1        139 10.272339            0 
            8             1           500             0             1        140 10.108276            0 
            8             1           500             0             1        141 9.941406            0 
            8             1           500             0             1        142 9.968384            0 
            8             1           500             0             1        143 10.447266            0 
            8             1           500             0             1        144 10.135132            0 
            8             1           500             0             1        145 10.118408            0 
            8             1           500             0             1        146 10.020264            0 
            8             1           500             0             1        147 10.275391            0 
            8             1           500             0             1        148 9.995361            0 
            8             1           500             0             1        149 9.934326            0 
            8             1           500             0             1        150 9.894287            0 
            8             1           500             0             1        151 10.347290            0 
            8             1           500             0             1        152 10.054443            0 
            8             1           500             0             1        153 10.069336            0 
            8             1           500             0             1        154 9.954224            0 
            8             1           500             0             1        155 10.314331            0 
            8             1           500             0             1        156 10.028320            0 
            8             1           500             0             1        157 10.050293            0 
            8             1           500             0             1        158 10.122192            0 
            8             1           500             0             1        159 10.317383            0 
            8             1           500             0             1        160 10.251343            0 
            8             1           500             0             1        161 10.308350            0 
            8             1           500             0             1        162 10.167236            0 
            8             1           500             0             1        163 10.197266            0 
            8             1           500             0             1        164 10.229248            0 
            8             1           500             0             1        165 10.341187            0 
            8             1           500             0             1        166 10.141479            0 
            8             1           500             0             1        167 10.072266            0 
            8             1           500             0             1        168 10.275391            0 
            8             1           500             0             1        169 10.242310            0 
            8             1           500             0             1        170 10.213379            0 
            8             1           500             0             1        171 10.352417            0 
            8             1           500             0             1        172 10.241333            0 
            8             1           500             0             1        173 10.334229            0 
            8             1           500             0             1        174 10.273193            0 
            8             1           500             0             1        175 10.277344            0 
            8             1           500             0             1        176 10.010376            0 
            8             1           500             0             1        177 9.991333            0 
            8             1           500             0             1        178 9.842285            0 
            8             1           500             0             1        179 10.181274            0 
            8             1           500             0             1        180 10.049316            0 
            8             1           500             0             1        181 9.892212            0 
            8             1           500             0             1        182 10.057251            0 
            8             1           500             0             1        183 10.341309            0 
            8             1           500             0             1        184 9.981323            0 
            8             1           500             0             1        185 9.945312            0 
            8             1           500             0             1        186 10.066284            0 
            8             1           500             0             1        187 10.143311            0 
            8             1           500             0             1        188 9.998291            0 
            8             1           500             0             1        189 10.017456            0 
            8             1           500             0             1        190 10.043457            0 
            8             1           500             0             1        191 10.145386            0 
            8             1           500             0             1        192 10.212280            0 
            8             1           500             0             1        193 9.993408            0 
            8             1           500             0             1        194 9.952393            0 
            8             1           500             0             1        195 10.211304            0 
            8             1           500             0             1        196 10.305298            0 
            8             1           500             0             1        197 9.900269            0 
            8             1           500             0             1        198 10.115356            0 
            8             1           500             0             1        199 10.234253            0 
            8             1           500             0             1        200 9.918335            0 
            8             1           500             0             1        201 9.919189            0 
            8             1           500             0             1        202 10.060303            0 
            8             1           500             0             1        203 10.167236            0 
            8             1           500             0             1        204 10.093262            0 
            8             1           500             0             1        205 10.029297            0 
            8             1           500             0             1        206 10.025269            0 
            8             1           500             0             1        207 10.473389            0 
            8             1           500             0             1        208 10.036377            0 
            8             1           500             0             1        209 9.941284            0 
            8             1           500             0             1        210 10.014404            0 
            8             1           500             0             1        211 10.242310            0 
            8             1           500             0             1        212 10.012207            0 
            8             1           500             0             1        213 10.147339            0 
            8             1           500             0             1        214 10.002319            0 
            8             1           500             0             1        215 10.165283            0 
            8             1           500             0             1        216 9.888306            0 
            8             1           500             0             1        217 9.846313            0 
            8             1           500             0             1        218 9.987183            0 
            8             1           500             0             1        219 10.121216            0 
            8             1           500             0             1        220 10.054321            0 
            8             1           500             0             1        221 10.072388            0 
            8             1           500             0             1        222 10.050293            0 
            8             1           500             0             1        223 10.504272            0 
            8             1           500             0             1        224 9.953247            0 
            8             1           500             0             1        225 10.065308            0 
            8             1           500             0             1        226 10.098267            0 
            8             1           500             0             1        227 10.301270            0 
            8             1           500             0             1        228 10.080322            0 
            8             1           500             0             1        229 10.127319            0 
            8             1           500             0             1        230 10.024414            0 
            8             1           500             0             1        231 10.296387            0 
            8             1           500             0             1        232 10.114258            0 
            8             1           500             0             1        233 9.908203            0 
            8             1           500             0             1        234 9.998291            0 
            8             1           500             0             1        235 10.269287            0 
            8             1           500             0             1        236 10.042236            0 
            8             1           500             0             1        237 10.143311            0 
            8             1           500             0             1        238 10.122314            0 
            8             1           500             0             1        239 10.494263            0 
            8             1           500             0             1        240 11.670166            0 
            8             1           500             0             1        241 10.130371            0 
            8             1           500             0             1        242 10.188232            0 
            8             1           500             0             1        243 10.319458            0 
            8             1           500             0             1        244 10.273438            0 
            8             1           500             0             1        245 10.024292            0 
            8             1           500             0             1        246 10.111450            0 
            8             1           500             0             1        247 10.199341            0 
            8             1           500             0             1        248 9.954224            0 
            8             1           500             0             1        249 9.822388            0 
            8             1           500             0             1        250 9.866333            0 
            8             1           500             0             1        251 10.322388            0 
            8             1           500             0             1        252 9.909302            0 
            8             1           500             0             1        253 9.907349            0 
            8             1           500             0             1        254 9.941284            0 
            8             1           500             0             1        255 10.393311            0 
            8             1           500             0             1        256 10.624390            0 
            8             1           500             0             1        257 10.023315            0 
            8             1           500             0             1        258 9.929321            0 
            8             1           500             0             1        259 10.160278            0 
            8             1           500             0             1        260 10.073364            0 
            8             1           500             0             1        261 9.970337            0 
            8             1           500             0             1        262 10.049194            0 
            8             1           500             0             1        263 10.300293            0 
            8             1           500             0             1        264 10.055298            0 
            8             1           500             0             1        265 10.215210            0 
            8             1           500             0             1        266 10.207397            0 
            8             1           500             0             1        267 10.194336            0 
            8             1           500             0             1        268 10.146362            0 
            8             1           500             0             1        269 10.134277            0 
            8             1           500             0             1        270 10.108276            0 
            8             1           500             0             1        271 10.138184            0 
            8             1           500             0             1        272 9.990234            0 
            8             1           500             0             1        273 9.789429            0 
            8             1           500             0             1        274 9.893311            0 
            8             1           500             0             1        275 10.293335            0 
            8             1           500             0             1        276 9.976318            0 
            8             1           500             0             1        277 9.972412            0 
            8             1           500             0             1        278 9.957275            0 
            8             1           500             0             1        279 10.281250            0 
            8             1           500             0             1        280 9.880249            0 
            8             1           500             0             1        281 9.816406            0 
            8             1           500             0             1        282 9.986328            0 
            8             1           500             0             1        283 10.187256            0 
            8             1           500             0             1        284 9.766479            0 
            8             1           500             0             1        285 9.987427            0 
            8             1           500             0             1        286 9.881348            0 
            8             1           500             0             1        287 10.596191            0 
            8             1           500             0             1        288 10.032349            0 
            8             1           500             0             1        289 9.885376            0 
            8             1           500             0             1        290 9.943359            0 
            8             1           500             0             1        291 10.106445            0 
            8             1           500             0             1        292 10.023315            0 
            8             1           500             0             1        293 9.988281            0 
            8             1           500             0             1        294 9.935303            0 
            8             1           500             0             1        295 10.280273            0 
            8             1           500             0             1        296 10.047241            0 
            8             1           500             0             1        297 10.208374            0 
            8             1           500             0             1        298 9.935303            0 
            8             1           500             0             1        299 10.108276            0 
            8             1           500             0             1        300 10.091309            0 
            8             1           500             0             1        301 10.222290            0 
            8             1           500             0             1        302 10.043457            0 
            8             1           500             0             1        303 10.493286            0 
            8             1           500             0             1        304 9.911255            0 
            8             1           500             0             1        305 9.851318            0 
            8             1           500             0             1        306 9.787231            0 
            8             1           500             0             1        307 10.330200            0 
            8             1           500             0             1        308 9.912354            0 
            8             1           500             0             1        309 10.035278            0 
            8             1           500             0             1        310 9.964355            0 
            8             1           500             0             1        311 10.132446            0 
            8             1           500             0             1        312 9.944214            0 
            8             1           500             0             1        313 9.914307            0 
            8             1           500             0             1        314 10.000366            0 
            8             1           500             0             1        315 10.400269            0 
            8             1           500             0             1        316 9.914307            0 
            8             1           500             0             1        317 9.807373            0 
            8             1           500             0             1        318 9.789307            0 
            8             1           500             0             1        319 10.409302            0 
            8             1           500             0             1        320 10.350220            0 
            8             1           500             0             1        321 10.082275            0 
            8             1           500             0             1        322 10.138306            0 
            8             1           500             0             1        323 10.294189            0 
            8             1           500             0             1        324 9.990356            0 
            8             1           500             0             1        325 9.864258            0 
            8             1           500             0             1        326 10.097168            0 
            8             1           500             0             1        327 10.305298            0 
            8             1           500             0             1        328 10.080200            0 
            8             1           500             0             1        329 10.063477            0 
            8             1           500             0             1        330 10.092285            0 
            8             1           500             0             1        331 10.347290            0 
            8             1           500             0             1        332 10.046265            0 
            8             1           500             0             1        333 10.067383            0 
            8             1           500             0             1        334 9.853394            0 
            8             1           500             0             1        335 10.267334            0 
            8             1           500             0             1        336 10.044312            0 
            8             1           500             0             1        337 10.081299            0 
            8             1           500             0             1        338 9.996338            0 
            8             1           500             0             1        339 10.364258            0 
            8             1           500             0             1        340 9.910278            0 
            8             1           500             0             1        341 9.948364            0 
            8             1           500             0             1        342 9.697266            0 
            8             1           500             0             1        343 10.195312            0 
            8             1           500             0             1        344 10.125244            0 
            8             1           500             0             1        345 9.783203            0 
            8             1           500             0             1        346 10.032227            0 
            8             1           500             0             1        347 10.152344            0 
            8             1           500             0             1        348 9.719238            0 
            8             1           500             0             1        349 9.771240            0 
            8             1           500             0             1        350 9.941284            0 
            8             1           500             0             1        351 10.169189            0 
            8             1           500             0             1        352 10.069336            0 
            8             1           500             0             1        353 9.966309            0 
            8             1           500             0             1        354 10.180298            0 
            8             1           500             0             1        355 10.153320            0 
            8             1           500             0             1        356 10.249390            0 
            8             1           500             0             1        357 9.989136            0 
            8             1           500             0             1        358 10.130249            0 
            8             1           500             0             1        359 10.348267            0 
            8             1           500             0             1        360 10.011475            0 
            8             1           500             0             1        361 10.043213            0 
            8             1           500             0             1        362 9.814209            0 
            8             1           500             0             1        363 9.998413            0 
            8             1           500             0             1        364 10.274414            0 
            8             1           500             0             1        365 10.183350            0 
            8             1           500             0             1        366 10.184204            0 
            8             1           500             0             1        367 10.288330            0 
            8             1           500             0             1        368 9.967285            0 
            8             1           500             0             1        369 9.760254            0 
            8             1           500             0             1        370 9.973267            0 
            8             1           500             0             1        371 10.089233            0 
            8             1           500             0             1        372 10.033203            0 
            8             1           500             0             1        373 10.002319            0 
            8             1           500             0             1        374 10.018311            0 
            8             1           500             0             1        375 10.299194            0 
            8             1           500             0             1        376 9.895264            0 
            8             1           500             0             1        377 9.896362            0 
            8             1           500             0             1        378 9.867310            0 
            8             1           500             0             1        379 10.195312            0 
            8             1           500             0             1        380 9.945312            0 
            8             1           500             0             1        381 9.796387            0 
            8             1           500             0             1        382 9.809204            0 
            8             1           500             0             1        383 10.466309            0 
            8             1           500             0             1        384 10.308228            0 
            8             1           500             0             1        385 10.188354            0 
            8             1           500             0             1        386 10.130249            0 
            8             1           500             0             1        387 10.240234            0 
            8             1           500             0             1        388 10.160400            0 
            8             1           500             0             1        389 10.161377            0 
            8             1           500             0             1        390 10.036377            0 
            8             1           500             0             1        391 10.315186            0 
            8             1           500             0             1        392 10.029297            0 
            8             1           500             0             1        393 9.962280            0 
            8             1           500             0             1        394 10.136353            0 
            8             1           500             0             1        395 10.090332            0 
            8             1           500             0             1        396 10.113281            0 
            8             1           500             0             1        397 9.956299            0 
            8             1           500             0             1        398 10.201294            0 
            8             1           500             0             1        399 10.299316            0 
            8             1           500             0             1        400 9.867310            0 
            8             1           500             0             1        401 9.847412            0 
            8             1           500             0             1        402 10.077271            0 
            8             1           500             0             1        403 10.273193            0 
            8             1           500             0             1        404 10.070312            0 
            8             1           500             0             1        405 9.984375            0 
            8             1           500             0             1        406 9.972412            0 
            8             1           500             0             1        407 10.412231            0 
            8             1           500             0             1        408 10.025269            0 
            8             1           500             0             1        409 9.952515            0 
            8             1           500             0             1        410 9.962280            0 
            8             1           500             0             1        411 12.261108            0 
            8             1           500             0             1        412 10.097290            0 
            8             1           500             0             1        413 9.875244            0 
            8             1           500             0             1        414 10.044312            0 
            8             1           500             0             1        415 10.223389            0 
            8             1           500             0             1        416 10.282227            0 
            8             1           500             0             1        417 10.415161            0 
            8             1           500             0             1        418 10.193237            0 
            8             1           500             0             1        419 10.317261            0 
            8             1           500             0             1        420 10.252441            0 
            8             1           500             0             1        421 10.373291            0 
            8             1           500             0             1        422 10.313354            0 
            8             1           500             0             1        423 10.376343            0 
            8             1           500             0             1        424 10.213379            0 
            8             1           500             0             1        425 10.176270            0 
            8             1           500             0             1        426 10.183350            0 
            8             1           500             0             1        427 10.097412            0 
            8             1           500             0             1        428 10.353394            0 
            8             1           500             0             1        429 10.158325            0 
            8             1           500             0             1        430 10.299316            0 
            8             1           500             0             1        431 10.405273            0 
            8             1           500             0             1        432 10.075317            0 
            8             1           500             0             1        433 9.967285            0 
            8             1           500             0             1        434 9.959351            0 
            8             1           500             0             1        435 10.420288            0 
            8             1           500             0             1        436 10.085327            0 
            8             1           500             0             1        437 10.108276            0 
            8             1           500             0             1        438 10.113281            0 
            8             1           500             0             1        439 10.245361            0 
            8             1           500             0             1        440 9.904419            0 
            8             1           500             0             1        441 9.923340            0 
            8             1           500             0             1        442 9.811401            0 
            8             1           500             0             1        443 10.150269            0 
            8             1           500             0             1        444 9.939331            0 
            8             1           500             0             1        445 9.877319            0 
            8             1           500             0             1        446 9.980347            0 
            8             1           500             0             1        447 10.360229            0 
            8             1           500             0             1        448 9.977295            0 
            8             1           500             0             1        449 9.951172            0 
            8             1           500             0             1        450 10.139282            0 
            8             1           500             0             1        451 10.345215            0 
            8             1           500             0             1        452 9.993286            0 
            8             1           500             0             1        453 9.965332            0 
            8             1           500             0             1        454 9.916382            0 
            8             1           500             0             1        455 10.140381            0 
            8             1           500             0             1        456 10.121216            0 
            8             1           500             0             1        457 9.904419            0 
            8             1           500             0             1        458 9.891357            0 
            8             1           500             0             1        459 10.147339            0 
            8             1           500             0             1        460 10.071411            0 
            8             1           500             0             1        461 9.889282            0 
            8             1           500             0             1        462 9.912354            0 
            8             1           500             0             1        463 10.275391            0 
            8             1           500             0             1        464 9.994385            0 
            8             1           500             0             1        465 10.064331            0 
            8             1           500             0             1        466 9.992432            0 
            8             1           500             0             1        467 10.194336            0 
            8             1           500             0             1        468 10.034302            0 
            8             1           500             0             1        469 9.922363            0 
            8             1           500             0             1        470 9.829346            0 
            8             1           500             0             1        471 10.239380            0 
            8             1           500             0             1        472 10.089233            0 
            8             1           500             0             1        473 10.144409            0 
            8             1           500             0             1        474 10.053345            0 
            8             1           500             0             1        475 10.337402            0 
            8             1           500             0             1        476 10.021240            0 
            8             1           500             0             1        477 9.893311            0 
            8             1           500             0             1        478 10.076294            0 
            8             1           500             0             1        479 10.187378            0 
            8             1           500             0             1        480 10.012207            0 
            8             1           500             0             1        481 9.975220            0 
            8             1           500             0             1        482 10.015259            0 
            8             1           500             0             1        483 10.188354            0 
            8             1           500             0             1        484 10.012207            0 
            8             1           500             0             1        485 10.023315            0 
            8             1           500             0             1        486 10.113281            0 
            8             1           500             0             1        487 10.358398            0 
            8             1           500             0             1        488 10.047241            0 
            8             1           500             0             1        489 10.164185            0 
            8             1           500             0             1        490 10.089355            0 
            8             1           500             0             1        491 10.260376            0 
            8             1           500             0             1        492 10.033325            0 
            8             1           500             0             1        493 9.957397            0 
            8             1           500             0             1        494 10.038330            0 
            8             1           500             0             1        495 10.282349            0 
            8             1           500             0             1        496 9.876221            0 
            8             1           500             0             1        497 9.937256            0 
            8             1           500             0             1        498 9.999268            0 
            8             1           500             0             1        499 10.122314            0 
# Runtime: 0.052613 s (overhead: 0.019007 %) 500 records
