# Execution time and date (UTC): Fri Aug  9 15:24:45 2024
# Execution time and date (local): Fri Aug  9 18:24:45 2024
# MPI execution on rank 0 with 2 processes in world
# Reported time measurements are in microseconds
# pretty output format
     msg_size  window_size         runs   recv_index    num_peers       id         time     overhead 
            8           128           500             0             1          0 248.346924            0 
            8           128           500             0             1          1 250.702759            0 
            8           128           500             0             1          2 251.731689            0 
            8           128           500             0             1          3 252.768677            0 
            8           128           500             0             1          4 245.011108            0 
            8           128           500             0             1          5 254.985474            0 
            8           128           500             0             1          6 251.389648            0 
            8           128           500             0             1          7 252.724731            0 
            8           128           500             0             1          8 244.975098            0 
            8           128           500             0             1          9 252.543701            0 
            8           128           500             0             1         10 245.030151            0 
            8           128           500             0             1         11 252.573608            0 
            8           128           500             0             1         12 245.094116            0 
            8           128           500             0             1         13 252.484619            0 
            8           128           500             0             1         14 245.102173            0 
            8           128           500             0             1         15 252.796509            0 
            8           128           500             0             1         16 244.981201            0 
            8           128           500             0             1         17 354.940552            0 
            8           128           500             0             1         18 251.396729            0 
            8           128           500             0             1         19 252.579590            0 
            8           128           500             0             1         20 251.086548            0 
            8           128           500             0             1         21 252.481567            0 
            8           128           500             0             1         22 245.097046            0 
            8           128           500             0             1         23 255.223389            0 
            8           128           500             0             1         24 244.973145            0 
            8           128           500             0             1         25 252.918579            0 
            8           128           500             0             1         26 245.100098            0 
            8           128           500             0             1         27 254.896362            0 
            8           128           500             0             1         28 251.537720            0 
            8           128           500             0             1         29 254.865479            0 
            8           128           500             0             1         30 245.069214            0 
            8           128           500             0             1         31 256.391235            0 
            8           128           500             0             1         32 245.015137            0 
            8           128           500             0             1         33 252.994507            0 
            8           128           500             0             1         34 245.136963            0 
            8           128           500             0             1         35 254.920410            0 
            8           128           500             0             1         36 244.926147            0 
            8           128           500             0             1         37 254.964355            0 
            8           128           500             0             1         38 251.276611            0 
            8           128           500             0             1         39 254.856323            0 
            8           128           500             0             1         40 251.364746            0 
            8           128           500             0             1         41 255.315308            0 
            8           128           500             0             1         42 245.435059            0 
            8           128           500             0             1         43 252.591675            0 
            8           128           500             0             1         44 251.097656            0 
            8           128           500             0             1         45 252.672485            0 
            8           128           500             0             1         46 245.004150            0 
            8           128           500             0             1         47 253.140503            0 
            8           128           500             0             1         48 251.454834            0 
            8           128           500             0             1         49 255.386353            0 
            8           128           500             0             1         50 245.567139            0 
            8           128           500             0             1         51 254.928467            0 
            8           128           500             0             1         52 245.313110            0 
            8           128           500             0             1         53 252.566528            0 
            8           128           500             0             1         54 245.541016            0 
            8           128           500             0             1         55 252.780518            0 
            8           128           500             0             1         56 251.150757            0 
            8           128           500             0             1         57 252.792480            0 
            8           128           500             0             1         58 251.370605            0 
            8           128           500             0             1         59 254.982300            0 
            8           128           500             0             1         60 251.067749            0 
            8           128           500             0             1         61 255.000366            0 
            8           128           500             0             1         62 245.176025            0 
            8           128           500             0             1         63 252.771606            0 
            8           128           500             0             1         64 245.244141            0 
            8           128           500             0             1         65 252.506470            0 
            8           128           500             0             1         66 251.538696            0 
            8           128           500             0             1         67 252.580566            0 
            8           128           500             0             1         68 245.161011            0 
            8           128           500             0             1         69 252.955566            0 
            8           128           500             0             1         70 251.191650            0 
            8           128           500             0             1         71 253.039551            0 
            8           128           500             0             1         72 251.256714            0 
            8           128           500             0             1         73 254.959473            0 
            8           128           500             0             1         74 245.118164            0 
            8           128           500             0             1         75 252.808594            0 
            8           128           500             0             1         76 245.073120            0 
            8           128           500             0             1         77 255.236328            0 
            8           128           500             0             1         78 251.125732            0 
            8           128           500             0             1         79 254.898560            0 
            8           128           500             0             1         80 245.092041            0 
            8           128           500             0             1         81 252.806641            0 
            8           128           500             0             1         82 244.990112            0 
            8           128           500             0             1         83 252.634644            0 
            8           128           500             0             1         84 251.169678            0 
            8           128           500             0             1         85 254.954468            0 
            8           128           500             0             1         86 251.217773            0 
            8           128           500             0             1         87 255.437500            0 
            8           128           500             0             1         88 244.900024            0 
            8           128           500             0             1         89 254.727539            0 
            8           128           500             0             1         90 245.272217            0 
            8           128           500             0             1         91 252.588623            0 
            8           128           500             0             1         92 245.063110            0 
            8           128           500             0             1         93 252.736572            0 
            8           128           500             0             1         94 245.234009            0 
            8           128           500             0             1         95 252.631592            0 
            8           128           500             0             1         96 244.831177            0 
            8           128           500             0             1         97 252.877441            0 
            8           128           500             0             1         98 251.649658            0 
            8           128           500             0             1         99 252.821533            0 
            8           128           500             0             1        100 245.107056            0 
            8           128           500             0             1        101 252.609619            0 
            8           128           500             0             1        102 245.086182            0 
            8           128           500             0             1        103 252.972534            0 
            8           128           500             0             1        104 245.060059            0 
            8           128           500             0             1        105 252.866455            0 
            8           128           500             0             1        106 245.053223            0 
            8           128           500             0             1        107 252.912598            0 
            8           128           500             0             1        108 247.221924            0 
            8           128           500             0             1        109 252.609619            0 
            8           128           500             0             1        110 245.251221            0 
            8           128           500             0             1        111 254.968506            0 
            8           128           500             0             1        112 246.540039            0 
            8           128           500             0             1        113 255.404297            0 
            8           128           500             0             1        114 245.151245            0 
            8           128           500             0             1        115 252.980591            0 
            8           128           500             0             1        116 245.016235            0 
            8           128           500             0             1        117 252.863525            0 
            8           128           500             0             1        118 244.986206            0 
            8           128           500             0             1        119 253.088501            0 
            8           128           500             0             1        120 251.263672            0 
            8           128           500             0             1        121 252.793579            0 
            8           128           500             0             1        122 245.088135            0 
            8           128           500             0             1        123 252.937744            0 
            8           128           500             0             1        124 244.942139            0 
            8           128           500             0             1        125 252.560547            0 
            8           128           500             0             1        126 245.052124            0 
            8           128           500             0             1        127 252.739624            0 
            8           128           500             0             1        128 251.459595            0 
            8           128           500             0             1        129 252.507690            0 
            8           128           500             0             1        130 244.837158            0 
            8           128           500             0             1        131 252.577515            0 
            8           128           500             0             1        132 251.223511            0 
            8           128           500             0             1        133 252.370483            0 
            8           128           500             0             1        134 251.074707            0 
            8           128           500             0             1        135 254.538452            0 
            8           128           500             0             1        136 245.096191            0 
            8           128           500             0             1        137 252.742676            0 
            8           128           500             0             1        138 251.162720            0 
            8           128           500             0             1        139 252.734619            0 
            8           128           500             0             1        140 251.134521            0 
            8           128           500             0             1        141 254.999390            0 
            8           128           500             0             1        142 251.056763            0 
            8           128           500             0             1        143 252.638550            0 
            8           128           500             0             1        144 245.014160            0 
            8           128           500             0             1        145 252.980591            0 
            8           128           500             0             1        146 245.307983            0 
            8           128           500             0             1        147 254.880371            0 
            8           128           500             0             1        148 251.306763            0 
            8           128           500             0             1        149 255.008423            0 
            8           128           500             0             1        150 245.025146            0 
            8           128           500             0             1        151 252.495605            0 
            8           128           500             0             1        152 244.955078            0 
            8           128           500             0             1        153 254.786377            0 
            8           128           500             0             1        154 245.190186            0 
            8           128           500             0             1        155 252.848633            0 
            8           128           500             0             1        156 245.057007            0 
            8           128           500             0             1        157 252.789673            0 
            8           128           500             0             1        158 251.366699            0 
            8           128           500             0             1        159 252.600464            0 
            8           128           500             0             1        160 244.887085            0 
            8           128           500             0             1        161 252.775635            0 
            8           128           500             0             1        162 245.024048            0 
            8           128           500             0             1        163 252.445679            0 
            8           128           500             0             1        164 251.028687            0 
            8           128           500             0             1        165 252.604614            0 
            8           128           500             0             1        166 245.105103            0 
            8           128           500             0             1        167 252.961670            0 
            8           128           500             0             1        168 251.363525            0 
            8           128           500             0             1        169 254.944458            0 
            8           128           500             0             1        170 251.350586            0 
            8           128           500             0             1        171 252.738525            0 
            8           128           500             0             1        172 352.425659            0 
            8           128           500             0             1        173 252.820435            0 
            8           128           500             0             1        174 251.214722            0 
            8           128           500             0             1        175 255.189453            0 
            8           128           500             0             1        176 244.872192            0 
            8           128           500             0             1        177 254.941406            0 
            8           128           500             0             1        178 251.476685            0 
            8           128           500             0             1        179 254.886353            0 
            8           128           500             0             1        180 245.011108            0 
            8           128           500             0             1        181 252.578613            0 
            8           128           500             0             1        182 251.055664            0 
            8           128           500             0             1        183 253.156494            0 
            8           128           500             0             1        184 245.234985            0 
            8           128           500             0             1        185 255.084473            0 
            8           128           500             0             1        186 244.960205            0 
            8           128           500             0             1        187 252.656494            0 
            8           128           500             0             1        188 245.383179            0 
            8           128           500             0             1        189 252.539551            0 
            8           128           500             0             1        190 244.965210            0 
            8           128           500             0             1        191 252.986450            0 
            8           128           500             0             1        192 251.487671            0 
            8           128           500             0             1        193 254.903442            0 
            8           128           500             0             1        194 245.107178            0 
            8           128           500             0             1        195 252.786621            0 
            8           128           500             0             1        196 245.070068            0 
            8           128           500             0             1        197 252.914551            0 
            8           128           500             0             1        198 251.505615            0 
            8           128           500             0             1        199 252.926636            0 
            8           128           500             0             1        200 245.172119            0 
            8           128           500             0             1        201 255.115479            0 
            8           128           500             0             1        202 245.095093            0 
            8           128           500             0             1        203 252.525757            0 
            8           128           500             0             1        204 251.348633            0 
            8           128           500             0             1        205 254.745361            0 
            8           128           500             0             1        206 245.107056            0 
            8           128           500             0             1        207 252.589600            0 
            8           128           500             0             1        208 245.039062            0 
            8           128           500             0             1        209 252.867432            0 
            8           128           500             0             1        210 245.115112            0 
            8           128           500             0             1        211 252.689575            0 
            8           128           500             0             1        212 245.044067            0 
            8           128           500             0             1        213 252.688599            0 
            8           128           500             0             1        214 244.787109            0 
            8           128           500             0             1        215 252.749512            0 
            8           128           500             0             1        216 244.637207            0 
            8           128           500             0             1        217 252.657593            0 
            8           128           500             0             1        218 245.135254            0 
            8           128           500             0             1        219 252.637451            0 
            8           128           500             0             1        220 245.333984            0 
            8           128           500             0             1        221 252.480591            0 
            8           128           500             0             1        222 244.847046            0 
            8           128           500             0             1        223 252.525513            0 
            8           128           500             0             1        224 244.990112            0 
            8           128           500             0             1        225 252.846558            0 
            8           128           500             0             1        226 245.214966            0 
            8           128           500             0             1        227 252.612549            0 
            8           128           500             0             1        228 251.229736            0 
            8           128           500             0             1        229 252.811523            0 
            8           128           500             0             1        230 245.348022            0 
            8           128           500             0             1        231 252.982544            0 
            8           128           500             0             1        232 245.211060            0 
            8           128           500             0             1        233 252.726685            0 
            8           128           500             0             1        234 245.020142            0 
            8           128           500             0             1        235 252.588623            0 
            8           128           500             0             1        236 251.314697            0 
            8           128           500             0             1        237 252.469604            0 
            8           128           500             0             1        238 245.004150            0 
            8           128           500             0             1        239 255.276245            0 
            8           128           500             0             1        240 245.212036            0 
            8           128           500             0             1        241 252.855591            0 
            8           128           500             0             1        242 251.343628            0 
            8           128           500             0             1        243 252.995605            0 
            8           128           500             0             1        244 244.992188            0 
            8           128           500             0             1        245 252.610718            0 
            8           128           500             0             1        246 245.565063            0 
            8           128           500             0             1        247 253.105591            0 
            8           128           500             0             1        248 251.227783            0 
            8           128           500             0             1        249 252.825562            0 
            8           128           500             0             1        250 245.135010            0 
            8           128           500             0             1        251 252.622559            0 
            8           128           500             0             1        252 251.271606            0 
            8           128           500             0             1        253 252.514526            0 
            8           128           500             0             1        254 251.108765            0 
            8           128           500             0             1        255 252.917480            0 
            8           128           500             0             1        256 251.593750            3 
            8           128           500             0             1        257 252.524536            0 
            8           128           500             0             1        258 245.115112            0 
            8           128           500             0             1        259 252.500488            0 
            8           128           500             0             1        260 245.081055            0 
            8           128           500             0             1        261 252.643433            0 
            8           128           500             0             1        262 251.596558            0 
            8           128           500             0             1        263 252.908569            0 
            8           128           500             0             1        264 245.093140            0 
            8           128           500             0             1        265 252.587524            0 
            8           128           500             0             1        266 245.289307            0 
            8           128           500             0             1        267 255.125488            0 
            8           128           500             0             1        268 245.015137            0 
            8           128           500             0             1        269 254.944458            0 
            8           128           500             0             1        270 245.249023            0 
            8           128           500             0             1        271 254.950317            0 
            8           128           500             0             1        272 245.265991            0 
            8           128           500             0             1        273 255.193481            0 
            8           128           500             0             1        274 245.385010            0 
            8           128           500             0             1        275 254.978516            0 
            8           128           500             0             1        276 245.034058            0 
            8           128           500             0             1        277 253.017578            0 
            8           128           500             0             1        278 245.074097            0 
            8           128           500             0             1        279 252.961426            0 
            8           128           500             0             1        280 251.293701            0 
            8           128           500             0             1        281 252.796387            0 
            8           128           500             0             1        282 251.322632            0 
            8           128           500             0             1        283 252.619629            0 
            8           128           500             0             1        284 251.234741            0 
            8           128           500             0             1        285 252.878662            0 
            8           128           500             0             1        286 251.215698            0 
            8           128           500             0             1        287 252.785522            0 
            8           128           500             0             1        288 245.027100            0 
            8           128           500             0             1        289 252.558594            0 
            8           128           500             0             1        290 245.212158            0 
            8           128           500             0             1        291 252.587524            0 
            8           128           500             0             1        292 251.250732            0 
            8           128           500             0             1        293 255.262451            0 
            8           128           500             0             1        294 251.388672            0 
            8           128           500             0             1        295 252.962646            0 
            8           128           500             0             1        296 251.350708            0 
            8           128           500             0             1        297 252.677612            0 
            8           128           500             0             1        298 245.250122            0 
            8           128           500             0             1        299 254.955322            0 
            8           128           500             0             1        300 245.028076            0 
            8           128           500             0             1        301 252.892456            0 
            8           128           500             0             1        302 251.208740            0 
            8           128           500             0             1        303 252.890503            0 
            8           128           500             0             1        304 245.051025            0 
            8           128           500             0             1        305 255.273438            0 
            8           128           500             0             1        306 251.146729            0 
            8           128           500             0             1        307 252.816528            0 
            8           128           500             0             1        308 245.244141            0 
            8           128           500             0             1        309 252.822510            0 
            8           128           500             0             1        310 243.914185            0 
            8           128           500             0             1        311 250.760742            0 
            8           128           500             0             1        312 244.927002            0 
            8           128           500             0             1        313 252.590576            0 
            8           128           500             0             1        314 245.007202            0 
            8           128           500             0             1        315 252.643555            0 
            8           128           500             0             1        316 245.121216            0 
            8           128           500             0             1        317 252.507568            0 
            8           128           500             0             1        318 251.224731            0 
            8           128           500             0             1        319 255.326538            0 
            8           128           500             0             1        320 245.475098            0 
            8           128           500             0             1        321 252.881592            0 
            8           128           500             0             1        322 251.339722            0 
            8           128           500             0             1        323 255.173340            0 
            8           128           500             0             1        324 243.905273            0 
            8           128           500             0             1        325 250.742676            0 
            8           128           500             0             1        326 245.043091            0 
            8           128           500             0             1        327 255.073486            0 
            8           128           500             0             1        328 243.873169            0 
            8           128           500             0             1        329 250.575684            0 
            8           128           500             0             1        330 245.093994            0 
            8           128           500             0             1        331 252.559448            0 
            8           128           500             0             1        332 245.164185            0 
            8           128           500             0             1        333 255.828369            0 
            8           128           500             0             1        334 245.017090            0 
            8           128           500             0             1        335 254.933472            0 
            8           128           500             0             1        336 251.141724            0 
            8           128           500             0             1        337 252.790649            0 
            8           128           500             0             1        338 251.218750            0 
            8           128           500             0             1        339 252.798584            0 
            8           128           500             0             1        340 245.011108            0 
            8           128           500             0             1        341 254.773438            0 
            8           128           500             0             1        342 244.899170            0 
            8           128           500             0             1        343 253.012695            0 
            8           128           500             0             1        344 251.403687            0 
            8           128           500             0             1        345 252.904663            0 
            8           128           500             0             1        346 245.209106            0 
            8           128           500             0             1        347 252.671631            0 
            8           128           500             0             1        348 244.714233            0 
            8           128           500             0             1        349 252.675659            0 
            8           128           500             0             1        350 251.479614            0 
            8           128           500             0             1        351 255.248413            0 
            8           128           500             0             1        352 251.168579            0 
            8           128           500             0             1        353 252.585693            0 
            8           128           500             0             1        354 245.200928            0 
            8           128           500             0             1        355 254.849487            0 
            8           128           500             0             1        356 251.232544            0 
            8           128           500             0             1        357 252.476685            0 
            8           128           500             0             1        358 251.075684            0 
            8           128           500             0             1        359 253.223511            0 
            8           128           500             0             1        360 251.283691            0 
            8           128           500             0             1        361 255.064331            0 
            8           128           500             0             1        362 245.289185            0 
            8           128           500             0             1        363 252.542603            0 
            8           128           500             0             1        364 245.052002            0 
            8           128           500             0             1        365 252.595581            0 
            8           128           500             0             1        366 245.337158            0 
            8           128           500             0             1        367 254.962402            0 
            8           128           500             0             1        368 250.936768            0 
            8           128           500             0             1        369 252.618652            0 
            8           128           500             0             1        370 251.201782            0 
            8           128           500             0             1        371 252.785645            0 
            8           128           500             0             1        372 244.960083            0 
            8           128           500             0             1        373 255.285522            0 
            8           128           500             0             1        374 245.026245            0 
            8           128           500             0             1        375 254.878418            0 
            8           128           500             0             1        376 245.020996            0 
            8           128           500             0             1        377 255.241577            0 
            8           128           500             0             1        378 245.109985            0 
            8           128           500             0             1        379 255.283447            0 
            8           128           500             0             1        380 245.057129            0 
            8           128           500             0             1        381 252.639648            0 
            8           128           500             0             1        382 243.786255            0 
            8           128           500             0             1        383 250.820923            0 
            8           128           500             0             1        384 251.495728            0 
            8           128           500             0             1        385 252.848511            0 
            8           128           500             0             1        386 251.543701            0 
            8           128           500             0             1        387 252.651489            0 
            8           128           500             0             1        388 245.079102            0 
            8           128           500             0             1        389 255.188477            0 
            8           128           500             0             1        390 244.977173            0 
            8           128           500             0             1        391 252.942627            0 
            8           128           500             0             1        392 245.169189            0 
            8           128           500             0             1        393 252.620605            0 
            8           128           500             0             1        394 245.077148            0 
            8           128           500             0             1        395 252.523682            0 
            8           128           500             0             1        396 244.949097            0 
            8           128           500             0             1        397 254.972412            0 
            8           128           500             0             1        398 245.025024            0 
            8           128           500             0             1        399 253.021484            0 
            8           128           500             0             1        400 243.865234            0 
            8           128           500             0             1        401 250.475708            0 
            8           128           500             0             1        402 251.306641            0 
            8           128           500             0             1        403 252.542603            0 
            8           128           500             0             1        404 250.986694            0 
            8           128           500             0             1        405 252.792480            0 
            8           128           500             0             1        406 251.171753            0 
            8           128           500             0             1        407 252.879639            0 
            8           128           500             0             1        408 251.295654            0 
            8           128           500             0             1        409 252.577637            0 
            8           128           500             0             1        410 245.109131            0 
            8           128           500             0             1        411 254.881348            0 
            8           128           500             0             1        412 244.825073            0 
            8           128           500             0             1        413 252.674561            0 
            8           128           500             0             1        414 245.478149            0 
            8           128           500             0             1        415 255.045410            0 
            8           128           500             0             1        416 251.192749            0 
            8           128           500             0             1        417 255.166504            0 
            8           128           500             0             1        418 245.113037            0 
            8           128           500             0             1        419 254.982422            0 
            8           128           500             0             1        420 245.005249            0 
            8           128           500             0             1        421 254.893311            0 
            8           128           500             0             1        422 244.861206            0 
            8           128           500             0             1        423 254.891357            0 
            8           128           500             0             1        424 244.974976            0 
            8           128           500             0             1        425 252.647583            0 
            8           128           500             0             1        426 244.970215            0 
            8           128           500             0             1        427 253.072510            0 
            8           128           500             0             1        428 243.955078            0 
            8           128           500             0             1        429 250.804688            0 
            8           128           500             0             1        430 245.070190            0 
            8           128           500             0             1        431 252.710449            0 
            8           128           500             0             1        432 245.261230            0 
            8           128           500             0             1        433 252.556641            0 
            8           128           500             0             1        434 251.369629            0 
            8           128           500             0             1        435 255.201416            0 
            8           128           500             0             1        436 243.756226            0 
            8           128           500             0             1        437 250.687866            0 
            8           128           500             0             1        438 251.191772            0 
            8           128           500             0             1        439 252.648682            0 
            8           128           500             0             1        440 245.053101            0 
            8           128           500             0             1        441 255.424438            0 
            8           128           500             0             1        442 245.183105            0 
            8           128           500             0             1        443 255.143433            0 
            8           128           500             0             1        444 245.194092            0 
            8           128           500             0             1        445 252.657593            0 
            8           128           500             0             1        446 244.987061            0 
            8           128           500             0             1        447 252.810669            0 
            8           128           500             0             1        448 245.099976            0 
            8           128           500             0             1        449 252.621704            0 
            8           128           500             0             1        450 251.275635            0 
            8           128           500             0             1        451 252.832520            0 
            8           128           500             0             1        452 244.894165            0 
            8           128           500             0             1        453 252.681641            0 
            8           128           500             0             1        454 245.038208            0 
            8           128           500             0             1        455 254.969482            0 
            8           128           500             0             1        456 244.989136            0 
            8           128           500             0             1        457 255.147461            0 
            8           128           500             0             1        458 244.979004            0 
            8           128           500             0             1        459 252.589478            0 
            8           128           500             0             1        460 245.038086            0 
            8           128           500             0             1        461 252.605713            0 
            8           128           500             0             1        462 251.244629            0 
            8           128           500             0             1        463 253.093628            0 
            8           128           500             0             1        464 243.890259            0 
            8           128           500             0             1        465 254.974365            0 
            8           128           500             0             1        466 251.265747            0 
            8           128           500             0             1        467 252.821655            0 
            8           128           500             0             1        468 243.929321            0 
            8           128           500             0             1        469 250.366699            0 
            8           128           500             0             1        470 251.181763            0 
            8           128           500             0             1        471 252.688477            0 
            8           128           500             0             1        472 244.953247            0 
            8           128           500             0             1        473 252.916504            0 
            8           128           500             0             1        474 245.151123            0 
            8           128           500             0             1        475 252.918579            0 
            8           128           500             0             1        476 245.330933            0 
            8           128           500             0             1        477 250.507690            0 
            8           128           500             0             1        478 245.311157            0 
            8           128           500             0             1        479 255.391357            0 
            8           128           500             0             1        480 245.039062            0 
            8           128           500             0             1        481 252.529541            0 
            8           128           500             0             1        482 245.100098            0 
            8           128           500             0             1        483 255.030518            0 
            8           128           500             0             1        484 245.003174            0 
            8           128           500             0             1        485 252.523682            0 
            8           128           500             0             1        486 244.964111            0 
            8           128           500             0             1        487 252.699585            0 
            8           128           500             0             1        488 245.070068            0 
            8           128           500             0             1        489 252.598633            0 
            8           128           500             0             1        490 245.226074            0 
            8           128           500             0             1        491 252.954590            0 
            8           128           500             0             1        492 245.050171            0 
            8           128           500             0             1        493 252.731689            0 
            8           128           500             0             1        494 251.749634            0 
            8           128           500             0             1        495 252.787720            0 
            8           128           500             0             1        496 245.320068            0 
            8           128           500             0             1        497 255.144409            0 
            8           128           500             0             1        498 251.160645            0 
            8           128           500             0             1        499 255.130371            0 
# Runtime: 1.927022 s (overhead: 0.000156 %) 500 records
