# Execution time and date (UTC): Fri Aug  9 15:22:22 2024
# Execution time and date (local): Fri Aug  9 18:22:22 2024
# MPI execution on rank 0 with 2 processes in world
# Reported time measurements are in microseconds
# pretty output format
     msg_size  window_size         runs   recv_index    num_peers       id         time     overhead 
            8             1           500             0             1          0 14.884155            0 
            8             1           500             0             1          1 11.159180            0 
            8             1           500             0             1          2 11.085205            0 
            8             1           500             0             1          3 10.566284            0 
            8             1           500             0             1          4 10.238403            0 
            8             1           500             0             1          5 10.010132            0 
            8             1           500             0             1          6 10.429321            0 
            8             1           500             0             1          7 10.566406            0 
            8             1           500             0             1          8 9.971191            0 
            8             1           500             0             1          9 9.997192            0 
            8             1           500             0             1         10 9.710327            0 
            8             1           500             0             1         11 9.987305            0 
            8             1           500             0             1         12 9.698364            0 
            8             1           500             0             1         13 9.661377            0 
            8             1           500             0             1         14 9.802368            0 
            8             1           500             0             1         15 10.193237            0 
            8             1           500             0             1         16 9.771362            0 
            8             1           500             0             1         17 9.749268            0 
            8             1           500             0             1         18 9.769531            0 
            8             1           500             0             1         19 9.973267            0 
            8             1           500             0             1         20 9.666382            0 
            8             1           500             0             1         21 9.715332            0 
            8             1           500             0             1         22 9.772339            0 
            8             1           500             0             1         23 10.136353            0 
            8             1           500             0             1         24 9.847290            0 
            8             1           500             0             1         25 9.805420            0 
            8             1           500             0             1         26 9.761353            0 
            8             1           500             0             1         27 9.993408            0 
            8             1           500             0             1         28 9.773315            0 
            8             1           500             0             1         29 9.811401            0 
            8             1           500             0             1         30 9.681396            0 
            8             1           500             0             1         31 9.873291            0 
            8             1           500             0             1         32 9.834351            0 
            8             1           500             0             1         33 9.937378            0 
            8             1           500             0             1         34 9.827148            0 
            8             1           500             0             1         35 9.995239            0 
            8             1           500             0             1         36 9.803223            0 
            8             1           500             0             1         37 9.877441            0 
            8             1           500             0             1         38 10.048340            0 
            8             1           500             0             1         39 10.049438            0 
            8             1           500             0             1         40 9.775391            0 
            8             1           500             0             1         41 9.981201            0 
            8             1           500             0             1         42 9.814209            0 
            8             1           500             0             1         43 9.858398            0 
            8             1           500             0             1         44 9.766235            0 
            8             1           500             0             1         45 9.888306            0 
            8             1           500             0             1         46 9.738403            0 
            8             1           500             0             1         47 10.280273            0 
            8             1           500             0             1         48 9.873169            0 
            8             1           500             0             1         49 9.972290            0 
            8             1           500             0             1         50 9.784302            0 
            8             1           500             0             1         51 9.971436            0 
            8             1           500             0             1         52 9.670410            0 
            8             1           500             0             1         53 9.921387            0 
            8             1           500             0             1         54 9.862305            0 
            8             1           500             0             1         55 10.143311            0 
            8             1           500             0             1         56 9.816406            0 
            8             1           500             0             1         57 10.087280            0 
            8             1           500             0             1         58 9.805420            0 
            8             1           500             0             1         59 10.146240            0 
            8             1           500             0             1         60 9.992310            0 
            8             1           500             0             1         61 10.028320            0 
            8             1           500             0             1         62 10.082397            0 
            8             1           500             0             1         63 10.154297            0 
            8             1           500             0             1         64 9.942383           10 
            8             1           500             0             1         65 9.795166            0 
            8             1           500             0             1         66 9.785400            0 
            8             1           500             0             1         67 10.036255            0 
            8             1           500             0             1         68 9.718262            0 
            8             1           500             0             1         69 9.858398            0 
            8             1           500             0             1         70 9.633301            0 
            8             1           500             0             1         71 10.031372            0 
            8             1           500             0             1         72 9.819214            0 
            8             1           500             0             1         73 9.826294            0 
            8             1           500             0             1         74 9.939331            0 
            8             1           500             0             1         75 10.055298            0 
            8             1           500             0             1         76 10.053345            0 
            8             1           500             0             1         77 9.770386            0 
            8             1           500             0             1         78 9.785278            0 
            8             1           500             0             1         79 9.899292            0 
            8             1           500             0             1         80 9.820190            0 
            8             1           500             0             1         81 9.767334            0 
            8             1           500             0             1         82 9.844360            0 
            8             1           500             0             1         83 10.122437            0 
            8             1           500             0             1         84 9.683350            0 
            8             1           500             0             1         85 9.851318            0 
            8             1           500             0             1         86 9.574341            0 
            8             1           500             0             1         87 10.132324            0 
            8             1           500             0             1         88 9.813354            0 
            8             1           500             0             1         89 9.902344            0 
            8             1           500             0             1         90 9.832397            0 
            8             1           500             0             1         91 10.050293            0 
            8             1           500             0             1         92 10.073364            0 
            8             1           500             0             1         93 9.795410            0 
            8             1           500             0             1         94 9.715332            0 
            8             1           500             0             1         95 10.202271            0 
            8             1           500             0             1         96 9.726318            0 
            8             1           500             0             1         97 9.923462            0 
            8             1           500             0             1         98 9.821289            0 
            8             1           500             0             1         99 10.088257            0 
            8             1           500             0             1        100 9.731323            0 
            8             1           500             0             1        101 10.057373            0 
            8             1           500             0             1        102 10.091309            0 
            8             1           500             0             1        103 9.999268            0 
            8             1           500             0             1        104 9.700317            0 
            8             1           500             0             1        105 9.916382            0 
            8             1           500             0             1        106 10.077393            0 
            8             1           500             0             1        107 10.142334            0 
            8             1           500             0             1        108 9.857422            0 
            8             1           500             0             1        109 9.861328            0 
            8             1           500             0             1        110 9.864258            0 
            8             1           500             0             1        111 10.270264            0 
            8             1           500             0             1        112 9.780273            0 
            8             1           500             0             1        113 9.804321            0 
            8             1           500             0             1        114 9.689331            0 
            8             1           500             0             1        115 10.046387            0 
            8             1           500             0             1        116 9.871338            0 
            8             1           500             0             1        117 9.956421            0 
            8             1           500             0             1        118 9.783325            0 
            8             1           500             0             1        119 9.878418            0 
            8             1           500             0             1        120 9.704224            0 
            8             1           500             0             1        121 9.944336            0 
            8             1           500             0             1        122 9.967407            0 
            8             1           500             0             1        123 10.181396            0 
            8             1           500             0             1        124 9.903320            0 
            8             1           500             0             1        125 10.015381            0 
            8             1           500             0             1        126 9.610352            0 
            8             1           500             0             1        127 9.968262            0 
            8             1           500             0             1        128 9.709351            0 
            8             1           500             0             1        129 9.675293            0 
            8             1           500             0             1        130 9.718384            0 
            8             1           500             0             1        131 10.074463            0 
            8             1           500             0             1        132 9.824341            0 
            8             1           500             0             1        133 9.714233            0 
            8             1           500             0             1        134 9.678345            0 
            8             1           500             0             1        135 9.880493            0 
            8             1           500             0             1        136 9.881470            0 
            8             1           500             0             1        137 9.726318            0 
            8             1           500             0             1        138 9.862183            0 
            8             1           500             0             1        139 10.159302            0 
            8             1           500             0             1        140 9.878296            0 
            8             1           500             0             1        141 9.858276            0 
            8             1           500             0             1        142 9.772339            0 
            8             1           500             0             1        143 9.957275            0 
            8             1           500             0             1        144 9.647461            0 
            8             1           500             0             1        145 9.712280            0 
            8             1           500             0             1        146 9.750366            0 
            8             1           500             0             1        147 10.198486            0 
            8             1           500             0             1        148 9.730347            0 
            8             1           500             0             1        149 9.851318            0 
            8             1           500             0             1        150 9.723389            0 
            8             1           500             0             1        151 9.906250            0 
            8             1           500             0             1        152 9.689331            0 
            8             1           500             0             1        153 9.776367            0 
            8             1           500             0             1        154 9.792358            0 
            8             1           500             0             1        155 10.339233            0 
            8             1           500             0             1        156 9.741211            0 
            8             1           500             0             1        157 9.888306            0 
            8             1           500             0             1        158 9.885376            0 
            8             1           500             0             1        159 10.030396            0 
            8             1           500             0             1        160 9.748291            0 
            8             1           500             0             1        161 9.894409            0 
            8             1           500             0             1        162 9.751465            0 
            8             1           500             0             1        163 9.889404            0 
            8             1           500             0             1        164 9.709473            0 
            8             1           500             0             1        165 9.774292            0 
            8             1           500             0             1        166 9.878174            0 
            8             1           500             0             1        167 10.161255            0 
            8             1           500             0             1        168 9.746338            0 
            8             1           500             0             1        169 9.975342            0 
            8             1           500             0             1        170 9.961304            0 
            8             1           500             0             1        171 10.323364            0 
            8             1           500             0             1        172 9.888428            0 
            8             1           500             0             1        173 9.790283            0 
            8             1           500             0             1        174 10.004272            0 
            8             1           500             0             1        175 10.355225            0 
            8             1           500             0             1        176 9.749390            0 
            8             1           500             0             1        177 9.982300            0 
            8             1           500             0             1        178 9.788330            0 
            8             1           500             0             1        179 10.077271            0 
            8             1           500             0             1        180 9.743408            0 
            8             1           500             0             1        181 9.596313            0 
            8             1           500             0             1        182 9.868164            0 
            8             1           500             0             1        183 10.048340            0 
            8             1           500             0             1        184 9.730225            0 
            8             1           500             0             1        185 10.136353            0 
            8             1           500             0             1        186 9.719360            0 
            8             1           500             0             1        187 10.129395            0 
            8             1           500             0             1        188 9.721313            0 
            8             1           500             0             1        189 9.912354            0 
            8             1           500             0             1        190 9.951294            0 
            8             1           500             0             1        191 10.181396            0 
            8             1           500             0             1        192 9.942383            0 
            8             1           500             0             1        193 9.788330            0 
            8             1           500             0             1        194 9.743408            0 
            8             1           500             0             1        195 10.109253            0 
            8             1           500             0             1        196 9.722168            0 
            8             1           500             0             1        197 9.705322            0 
            8             1           500             0             1        198 9.764282            0 
            8             1           500             0             1        199 10.207153            0 
            8             1           500             0             1        200 9.811401            0 
            8             1           500             0             1        201 9.868286            0 
            8             1           500             0             1        202 9.736450            0 
            8             1           500             0             1        203 10.011230            0 
            8             1           500             0             1        204 9.604370            0 
            8             1           500             0             1        205 9.711304            0 
            8             1           500             0             1        206 9.922241            0 
            8             1           500             0             1        207 9.936279            0 
            8             1           500             0             1        208 9.828491            0 
            8             1           500             0             1        209 9.954468            0 
            8             1           500             0             1        210 9.682373            0 
            8             1           500             0             1        211 9.947388            0 
            8             1           500             0             1        212 9.643311            0 
            8             1           500             0             1        213 9.842285            0 
            8             1           500             0             1        214 9.727173            0 
            8             1           500             0             1        215 10.155273            0 
            8             1           500             0             1        216 9.806274            0 
            8             1           500             0             1        217 9.935425            0 
            8             1           500             0             1        218 9.715332            0 
            8             1           500             0             1        219 9.990356            0 
            8             1           500             0             1        220 9.649414            0 
            8             1           500             0             1        221 9.772339            0 
            8             1           500             0             1        222 9.709351            0 
            8             1           500             0             1        223 9.861328            0 
            8             1           500             0             1        224 9.777344            0 
            8             1           500             0             1        225 9.764404            0 
            8             1           500             0             1        226 9.775269            0 
            8             1           500             0             1        227 10.089355            0 
            8             1           500             0             1        228 9.878174            0 
            8             1           500             0             1        229 9.894287            0 
            8             1           500             0             1        230 10.011353            0 
            8             1           500             0             1        231 10.197388            0 
            8             1           500             0             1        232 9.664429            0 
            8             1           500             0             1        233 9.897339            0 
            8             1           500             0             1        234 9.812256            0 
            8             1           500             0             1        235 10.090210            0 
            8             1           500             0             1        236 9.728271            0 
            8             1           500             0             1        237 9.878296            0 
            8             1           500             0             1        238 9.849243            0 
            8             1           500             0             1        239 10.157227            0 
            8             1           500             0             1        240 9.827271            0 
            8             1           500             0             1        241 9.798340            0 
            8             1           500             0             1        242 9.923462            0 
            8             1           500             0             1        243 10.118408            0 
            8             1           500             0             1        244 9.903320            0 
            8             1           500             0             1        245 9.979370            0 
            8             1           500             0             1        246 9.856323            0 
            8             1           500             0             1        247 10.252197            0 
            8             1           500             0             1        248 9.886353            0 
            8             1           500             0             1        249 10.269287            0 
            8             1           500             0             1        250 10.037354            0 
            8             1           500             0             1        251 10.013428            0 
            8             1           500             0             1        252 9.848267            0 
            8             1           500             0             1        253 9.631348            0 
            8             1           500             0             1        254 9.945312            0 
            8             1           500             0             1        255 10.100342            0 
            8             1           500             0             1        256 9.951172            0 
            8             1           500             0             1        257 9.749390            0 
            8             1           500             0             1        258 9.679321            0 
            8             1           500             0             1        259 9.900269            0 
            8             1           500             0             1        260 9.739380            0 
            8             1           500             0             1        261 9.715332            0 
            8             1           500             0             1        262 9.661377            0 
            8             1           500             0             1        263 9.899292            0 
            8             1           500             0             1        264 9.813354            0 
            8             1           500             0             1        265 9.937256            0 
            8             1           500             0             1        266 9.896362            0 
            8             1           500             0             1        267 10.175171            0 
            8             1           500             0             1        268 9.764282            0 
            8             1           500             0             1        269 9.808472            0 
            8             1           500             0             1        270 9.919434            0 
            8             1           500             0             1        271 10.172241            0 
            8             1           500             0             1        272 9.751343            0 
            8             1           500             0             1        273 9.816406            0 
            8             1           500             0             1        274 9.700317            0 
            8             1           500             0             1        275 10.290283            0 
            8             1           500             0             1        276 9.657349            0 
            8             1           500             0             1        277 9.832275            0 
            8             1           500             0             1        278 9.676392            0 
            8             1           500             0             1        279 10.045410            0 
            8             1           500             0             1        280 12.989136            0 
            8             1           500             0             1        281 9.884277            0 
            8             1           500             0             1        282 9.789307            0 
            8             1           500             0             1        283 10.197388            0 
            8             1           500             0             1        284 9.820435            0 
            8             1           500             0             1        285 9.861328            0 
            8             1           500             0             1        286 9.862305            0 
            8             1           500             0             1        287 10.213257            0 
            8             1           500             0             1        288 9.762329            0 
            8             1           500             0             1        289 9.934326            0 
            8             1           500             0             1        290 9.672363            0 
            8             1           500             0             1        291 10.167358            0 
            8             1           500             0             1        292 9.787354            0 
            8             1           500             0             1        293 9.861328            0 
            8             1           500             0             1        294 9.937378            0 
            8             1           500             0             1        295 10.001221            0 
            8             1           500             0             1        296 9.749268            0 
            8             1           500             0             1        297 9.957397            0 
            8             1           500             0             1        298 9.983398            0 
            8             1           500             0             1        299 10.225220            0 
            8             1           500             0             1        300 9.838379            0 
            8             1           500             0             1        301 9.980225            0 
            8             1           500             0             1        302 10.058350            0 
            8             1           500             0             1        303 10.425293            0 
            8             1           500             0             1        304 9.768188            0 
            8             1           500             0             1        305 9.811401            0 
            8             1           500             0             1        306 9.851440            0 
            8             1           500             0             1        307 9.921387            0 
            8             1           500             0             1        308 9.838257            0 
            8             1           500             0             1        309 9.615479            0 
            8             1           500             0             1        310 9.585449            0 
            8             1           500             0             1        311 10.089355            0 
            8             1           500             0             1        312 9.741211            0 
            8             1           500             0             1        313 10.071289            0 
            8             1           500             0             1        314 10.045288            0 
            8             1           500             0             1        315 10.125244            0 
            8             1           500             0             1        316 9.840332            0 
            8             1           500             0             1        317 9.954346            0 
            8             1           500             0             1        318 10.006226            0 
            8             1           500             0             1        319 10.081177            0 
            8             1           500             0             1        320 9.920410            0 
            8             1           500             0             1        321 9.809448            0 
            8             1           500             0             1        322 9.770386            0 
            8             1           500             0             1        323 10.003418            0 
            8             1           500             0             1        324 9.784302            0 
            8             1           500             0             1        325 9.701294            0 
            8             1           500             0             1        326 9.891357            0 
            8             1           500             0             1        327 9.950317            0 
            8             1           500             0             1        328 9.754272            0 
            8             1           500             0             1        329 9.725342            0 
            8             1           500             0             1        330 9.938232            0 
            8             1           500             0             1        331 10.081299            0 
            8             1           500             0             1        332 9.707520            0 
            8             1           500             0             1        333 9.732422            0 
            8             1           500             0             1        334 9.921265            0 
            8             1           500             0             1        335 10.188354            0 
            8             1           500             0             1        336 9.761230            0 
            8             1           500             0             1        337 9.848389            0 
            8             1           500             0             1        338 9.748169            0 
            8             1           500             0             1        339 10.057251            0 
            8             1           500             0             1        340 9.726318            0 
            8             1           500             0             1        341 9.855347            0 
            8             1           500             0             1        342 9.700439            0 
            8             1           500             0             1        343 9.900391            0 
            8             1           500             0             1        344 9.760254            0 
            8             1           500             0             1        345 9.932373            0 
            8             1           500             0             1        346 9.714478            0 
            8             1           500             0             1        347 10.028198            0 
            8             1           500             0             1        348 9.727295            0 
            8             1           500             0             1        349 9.798340            0 
            8             1           500             0             1        350 9.730469            0 
            8             1           500             0             1        351 9.913330            0 
            8             1           500             0             1        352 9.777222            0 
            8             1           500             0             1        353 9.836426            0 
            8             1           500             0             1        354 9.837280            0 
            8             1           500             0             1        355 10.089233            0 
            8             1           500             0             1        356 9.877319            0 
            8             1           500             0             1        357 9.995239            0 
            8             1           500             0             1        358 10.012329            0 
            8             1           500             0             1        359 10.015259            0 
            8             1           500             0             1        360 9.720459            0 
            8             1           500             0             1        361 9.950317            0 
            8             1           500             0             1        362 10.065430            0 
            8             1           500             0             1        363 10.132202            0 
            8             1           500             0             1        364 9.736328            0 
            8             1           500             0             1        365 9.893311            0 
            8             1           500             0             1        366 9.985352            0 
            8             1           500             0             1        367 10.206299            0 
            8             1           500             0             1        368 9.715454            0 
            8             1           500             0             1        369 9.708252            0 
            8             1           500             0             1        370 9.705322            0 
            8             1           500             0             1        371 10.067383            0 
            8             1           500             0             1        372 9.864380            0 
            8             1           500             0             1        373 9.975342            0 
            8             1           500             0             1        374 9.903320            0 
            8             1           500             0             1        375 9.874390            0 
            8             1           500             0             1        376 10.084229            0 
            8             1           500             0             1        377 10.006348            0 
            8             1           500             0             1        378 9.958496            0 
            8             1           500             0             1        379 10.059326            0 
            8             1           500             0             1        380 9.944336            0 
            8             1           500             0             1        381 10.024292            0 
            8             1           500             0             1        382 9.630249            0 
            8             1           500             0             1        383 9.947266            0 
            8             1           500             0             1        384 9.874512            0 
            8             1           500             0             1        385 9.765259            0 
            8             1           500             0             1        386 9.794434            0 
            8             1           500             0             1        387 10.073242            0 
            8             1           500             0             1        388 9.814209            0 
            8             1           500             0             1        389 9.804443            0 
            8             1           500             0             1        390 9.892334            0 
            8             1           500             0             1        391 10.138184            0 
            8             1           500             0             1        392 9.723267            0 
            8             1           500             0             1        393 9.786377            0 
            8             1           500             0             1        394 9.962402            0 
            8             1           500             0             1        395 10.218262            0 
            8             1           500             0             1        396 9.843262            0 
            8             1           500             0             1        397 9.809326            0 
            8             1           500             0             1        398 9.708374            0 
            8             1           500             0             1        399 10.011230            0 
            8             1           500             0             1        400 9.688354            0 
            8             1           500             0             1        401 9.797363            0 
            8             1           500             0             1        402 9.695435            0 
            8             1           500             0             1        403 10.210327            0 
            8             1           500             0             1        404 9.727417            0 
            8             1           500             0             1        405 9.872314            0 
            8             1           500             0             1        406 9.716431            0 
            8             1           500             0             1        407 9.956421            0 
            8             1           500             0             1        408 9.705322            0 
            8             1           500             0             1        409 9.821289            0 
            8             1           500             0             1        410 9.714355            0 
            8             1           500             0             1        411 10.277344            0 
            8             1           500             0             1        412 9.784302            0 
            8             1           500             0             1        413 9.966309            0 
            8             1           500             0             1        414 9.737305            0 
            8             1           500             0             1        415 9.984253            0 
            8             1           500             0             1        416 9.725342            0 
            8             1           500             0             1        417 9.866455            0 
            8             1           500             0             1        418 9.760254            0 
            8             1           500             0             1        419 10.005371            0 
            8             1           500             0             1        420 9.866455            0 
            8             1           500             0             1        421 9.919312            0 
            8             1           500             0             1        422 9.852295            0 
            8             1           500             0             1        423 10.200317            0 
            8             1           500             0             1        424 9.711182            0 
            8             1           500             0             1        425 9.884399            0 
            8             1           500             0             1        426 9.974243            0 
            8             1           500             0             1        427 10.352173            0 
            8             1           500             0             1        428 9.820312            0 
            8             1           500             0             1        429 10.052368            0 
            8             1           500             0             1        430 9.678223            0 
            8             1           500             0             1        431 10.320312            0 
            8             1           500             0             1        432 9.977295            0 
            8             1           500             0             1        433 9.753296            0 
            8             1           500             0             1        434 9.895264            0 
            8             1           500             0             1        435 10.024292            0 
            8             1           500             0             1        436 9.708374            0 
            8             1           500             0             1        437 9.966309            0 
            8             1           500             0             1        438 9.893311            0 
            8             1           500             0             1        439 10.040283            0 
            8             1           500             0             1        440 9.604248            0 
            8             1           500             0             1        441 9.960327            0 
            8             1           500             0             1        442 9.745361            0 
            8             1           500             0             1        443 10.198242            0 
            8             1           500             0             1        444 9.778442            0 
            8             1           500             0             1        445 9.902344            0 
            8             1           500             0             1        446 9.974365            0 
            8             1           500             0             1        447 10.165405            0 
            8             1           500             0             1        448 9.920288            0 
            8             1           500             0             1        449 9.812256            0 
            8             1           500             0             1        450 9.976318            0 
            8             1           500             0             1        451 9.979370            0 
            8             1           500             0             1        452 9.656250            0 
            8             1           500             0             1        453 9.741211            0 
            8             1           500             0             1        454 9.828247            0 
            8             1           500             0             1        455 10.213379            0 
            8             1           500             0             1        456 9.797363            0 
            8             1           500             0             1        457 9.809326            0 
            8             1           500             0             1        458 9.754272            0 
            8             1           500             0             1        459 10.116455            0 
            8             1           500             0             1        460 9.706299            0 
            8             1           500             0             1        461 9.766357            0 
            8             1           500             0             1        462 9.850342            0 
            8             1           500             0             1        463 9.908203            0 
            8             1           500             0             1        464 9.858398            0 
            8             1           500             0             1        465 9.971436            0 
            8             1           500             0             1        466 9.774292            0 
            8             1           500             0             1        467 9.943359            0 
            8             1           500             0             1        468 9.646362            0 
            8             1           500             0             1        469 9.877319            0 
            8             1           500             0             1        470 9.685425            0 
            8             1           500             0             1        471 10.028198            0 
            8             1           500             0             1        472 9.785278            0 
            8             1           500             0             1        473 9.914307            0 
            8             1           500             0             1        474 9.776367            0 
            8             1           500             0             1        475 10.027466            0 
            8             1           500             0             1        476 9.714355            0 
            8             1           500             0             1        477 9.804443            0 
            8             1           500             0             1        478 9.656372            0 
            8             1           500             0             1        479 9.836304            0 
            8             1           500             0             1        480 9.728394            0 
            8             1           500             0             1        481 9.837280            0 
            8             1           500             0             1        482 9.833374            0 
            8             1           500             0             1        483 10.000366            0 
            8             1           500             0             1        484 9.876221            0 
            8             1           500             0             1        485 10.101318            0 
            8             1           500             0             1        486 9.865234            0 
            8             1           500             0             1        487 10.137329            0 
            8             1           500             0             1        488 9.751221            0 
            8             1           500             0             1        489 9.760376            0 
            8             1           500             0             1        490 9.808350            0 
            8             1           500             0             1        491 9.896240            0 
            8             1           500             0             1        492 9.972168            0 
            8             1           500             0             1        493 9.867432            0 
            8             1           500             0             1        494 9.988281            0 
            8             1           500             0             1        495 9.990356            0 
            8             1           500             0             1        496 9.747314            0 
            8             1           500             0             1        497 9.843384            0 
            8             1           500             0             1        498 9.797363            0 
            8             1           500             0             1        499 10.161377            0 
# Runtime: 0.051890 s (overhead: 0.019272 %) 500 records
