# Execution time and date (UTC): Fri Aug  9 15:26:02 2024
# Execution time and date (local): Fri Aug  9 18:26:02 2024
# MPI execution on rank 0 with 2 processes in world
# Reported time measurements are in microseconds
# pretty output format
     msg_size  window_size         runs   recv_index    num_peers       id         time     overhead 
            8           128           500             0             1          0 133.722900            0 
            8           128           500             0             1          1 127.351318            0 
            8           128           500             0             1          2 127.804199            0 
            8           128           500             0             1          3 127.077393            0 
            8           128           500             0             1          4 124.660522            0 
            8           128           500             0             1          5 127.676147            0 
            8           128           500             0             1          6 124.614502            0 
            8           128           500             0             1          7 130.532227            0 
            8           128           500             0             1          8 126.841309            0 
            8           128           500             0             1          9 127.263428            0 
            8           128           500             0             1         10 126.613281            0 
            8           128           500             0             1         11 127.564209            0 
            8           128           500             0             1         12 124.493530            0 
            8           128           500             0             1         13 127.762207            0 
            8           128           500             0             1         14 126.959351            0 
            8           128           500             0             1         15 127.840210            0 
            8           128           500             0             1         16 125.139526            0 
            8           128           500             0             1         17 127.263306            0 
            8           128           500             0             1         18 124.816528            0 
            8           128           500             0             1         19 127.867188            0 
            8           128           500             0             1         20 127.638184            0 
            8           128           500             0             1         21 127.079224            0 
            8           128           500             0             1         22 126.922241            0 
            8           128           500             0             1         23 126.973267            0 
            8           128           500             0             1         24 124.680420            0 
            8           128           500             0             1         25 127.643311            0 
            8           128           500             0             1         26 124.785522            0 
            8           128           500             0             1         27 130.074219            0 
            8           128           500             0             1         28 127.531250            0 
            8           128           500             0             1         29 128.053223            0 
            8           128           500             0             1         30 126.751343            0 
            8           128           500             0             1         31 127.011353            0 
            8           128           500             0             1         32 124.470459            0 
            8           128           500             0             1         33 127.482422            0 
            8           128           500             0             1         34 125.114380            0 
            8           128           500             0             1         35 127.041260            0 
            8           128           500             0             1         36 126.607300            0 
            8           128           500             0             1         37 126.991211            0 
            8           128           500             0             1         38 124.922485            0 
            8           128           500             0             1         39 127.427368            0 
            8           128           500             0             1         40 124.347534            0 
            8           128           500             0             1         41 127.325195            0 
            8           128           500             0             1         42 125.338379            0 
            8           128           500             0             1         43 127.477417            0 
            8           128           500             0             1         44 125.378418            0 
            8           128           500             0             1         45 130.324097            0 
            8           128           500             0             1         46 127.973267            0 
            8           128           500             0             1         47 127.009399            0 
            8           128           500             0             1         48 126.914307            0 
            8           128           500             0             1         49 127.126343            0 
            8           128           500             0             1         50 125.480469            0 
            8           128           500             0             1         51 128.143188            0 
            8           128           500             0             1         52 127.266235            0 
            8           128           500             0             1         53 126.905396            0 
            8           128           500             0             1         54 127.559326            0 
            8           128           500             0             1         55 127.095337            0 
            8           128           500             0             1         56 124.877441            0 
            8           128           500             0             1         57 127.639282            0 
            8           128           500             0             1         58 125.096436            0 
            8           128           500             0             1         59 127.211304            0 
            8           128           500             0             1         60 124.901367            0 
            8           128           500             0             1         61 126.995361            0 
            8           128           500             0             1         62 124.559570            0 
            8           128           500             0             1         63 128.302246            0 
            8           128           500             0             1         64 127.832153            0 
            8           128           500             0             1         65 128.394409            0 
            8           128           500             0             1         66 125.063477            0 
            8           128           500             0             1         67 127.145264            0 
            8           128           500             0             1         68 126.720459            0 
            8           128           500             0             1         69 128.205200            0 
            8           128           500             0             1         70 127.030273            0 
            8           128           500             0             1         71 127.419189            0 
            8           128           500             0             1         72 124.537598            0 
            8           128           500             0             1         73 128.247314            0 
            8           128           500             0             1         74 126.816284            0 
            8           128           500             0             1         75 126.974243            0 
            8           128           500             0             1         76 127.301392            0 
            8           128           500             0             1         77 128.106323            0 
            8           128           500             0             1         78 124.753418            0 
            8           128           500             0             1         79 127.284180            0 
            8           128           500             0             1         80 124.701538            0 
            8           128           500             0             1         81 127.423218            0 
            8           128           500             0             1         82 124.834595            0 
            8           128           500             0             1         83 127.938232            0 
            8           128           500             0             1         84 124.290527            0 
            8           128           500             0             1         85 127.311279            0 
            8           128           500             0             1         86 126.427246            0 
            8           128           500             0             1         87 127.278320            0 
            8           128           500             0             1         88 127.539307            0 
            8           128           500             0             1         89 127.370239            0 
            8           128           500             0             1         90 127.754150            0 
            8           128           500             0             1         91 128.095215            0 
            8           128           500             0             1         92 128.201172            0 
            8           128           500             0             1         93 127.463379            0 
            8           128           500             0             1         94 124.983398            0 
            8           128           500             0             1         95 127.320312            0 
            8           128           500             0             1         96 127.307373            0 
            8           128           500             0             1         97 127.221313            0 
            8           128           500             0             1         98 127.543457            0 
            8           128           500             0             1         99 127.037231            0 
            8           128           500             0             1        100 124.679565            0 
            8           128           500             0             1        101 126.944458            0 
            8           128           500             0             1        102 126.707397            0 
            8           128           500             0             1        103 127.685303            0 
            8           128           500             0             1        104 124.704468            0 
            8           128           500             0             1        105 128.357300            0 
            8           128           500             0             1        106 127.175415            0 
            8           128           500             0             1        107 127.599243            0 
            8           128           500             0             1        108 124.721436            0 
            8           128           500             0             1        109 127.277344            0 
            8           128           500             0             1        110 124.962402            0 
            8           128           500             0             1        111 127.299316            0 
            8           128           500             0             1        112 124.396484            0 
            8           128           500             0             1        113 129.995972            0 
            8           128           500             0             1        114 124.570435            0 
            8           128           500             0             1        115 127.161255            0 
            8           128           500             0             1        116 124.298462            0 
            8           128           500             0             1        117 126.972290            0 
            8           128           500             0             1        118 126.379395            0 
            8           128           500             0             1        119 127.454224            0 
            8           128           500             0             1        120 126.995483            0 
            8           128           500             0             1        121 127.365356            0 
            8           128           500             0             1        122 125.252563            0 
            8           128           500             0             1        123 127.711426            0 
            8           128           500             0             1        124 128.340210            0 
            8           128           500             0             1        125 127.024292            0 
            8           128           500             0             1        126 124.365601            0 
            8           128           500             0             1        127 127.155273            0 
            8           128           500             0             1        128 124.512573            0 
            8           128           500             0             1        129 126.921387            0 
            8           128           500             0             1        130 127.248291            0 
            8           128           500             0             1        131 126.761230            0 
            8           128           500             0             1        132 126.764282            0 
            8           128           500             0             1        133 126.991333            0 
            8           128           500             0             1        134 124.555420            0 
            8           128           500             0             1        135 127.236328            0 
            8           128           500             0             1        136 125.696411            0 
            8           128           500             0             1        137 126.934326            0 
            8           128           500             0             1        138 125.346436            0 
            8           128           500             0             1        139 127.147339            0 
            8           128           500             0             1        140 124.875488            0 
            8           128           500             0             1        141 127.254272            0 
            8           128           500             0             1        142 127.347412            0 
            8           128           500             0             1        143 128.220215            0 
            8           128           500             0             1        144 125.605469            0 
            8           128           500             0             1        145 127.166260            0 
            8           128           500             0             1        146 124.904541            0 
            8           128           500             0             1        147 126.970337            0 
            8           128           500             0             1        148 123.993530            0 
            8           128           500             0             1        149 127.193237            0 
            8           128           500             0             1        150 124.834473            0 
            8           128           500             0             1        151 126.907471            0 
            8           128           500             0             1        152 126.587402            0 
            8           128           500             0             1        153 127.256226            0 
            8           128           500             0             1        154 126.510376            0 
            8           128           500             0             1        155 127.540161            0 
            8           128           500             0             1        156 126.743286            0 
            8           128           500             0             1        157 127.998291            0 
            8           128           500             0             1        158 126.620361            0 
            8           128           500             0             1        159 127.472290            0 
            8           128           500             0             1        160 126.630371            0 
            8           128           500             0             1        161 127.224365            0 
            8           128           500             0             1        162 126.470337            0 
            8           128           500             0             1        163 127.403320            0 
            8           128           500             0             1        164 124.828369            0 
            8           128           500             0             1        165 127.190308            0 
            8           128           500             0             1        166 127.510254            0 
            8           128           500             0             1        167 129.388184            0 
            8           128           500             0             1        168 125.213379            0 
            8           128           500             0             1        169 127.528198            0 
            8           128           500             0             1        170 125.150513            0 
            8           128           500             0             1        171 127.677368            0 
            8           128           500             0             1        172 124.698486            0 
            8           128           500             0             1        173 127.353271            0 
            8           128           500             0             1        174 125.942505            0 
            8           128           500             0             1        175 127.397339            0 
            8           128           500             0             1        176 125.178467            1 
            8           128           500             0             1        177 127.499390            0 
            8           128           500             0             1        178 124.998413            0 
            8           128           500             0             1        179 128.281250            0 
            8           128           500             0             1        180 126.115356            0 
            8           128           500             0             1        181 126.684326            0 
            8           128           500             0             1        182 124.431519            0 
            8           128           500             0             1        183 129.873169            0 
            8           128           500             0             1        184 125.193481            0 
            8           128           500             0             1        185 128.257202            0 
            8           128           500             0             1        186 124.736572            0 
            8           128           500             0             1        187 127.482300            0 
            8           128           500             0             1        188 126.391357            0 
            8           128           500             0             1        189 126.887207            0 
            8           128           500             0             1        190 124.694458            0 
            8           128           500             0             1        191 127.398438            0 
            8           128           500             0             1        192 126.654297            0 
            8           128           500             0             1        193 128.407104            0 
            8           128           500             0             1        194 125.396606            0 
            8           128           500             0             1        195 127.251343            0 
            8           128           500             0             1        196 124.948364            0 
            8           128           500             0             1        197 127.130371            0 
            8           128           500             0             1        198 124.516479            0 
            8           128           500             0             1        199 126.970337            0 
            8           128           500             0             1        200 124.398560            0 
            8           128           500             0             1        201 127.053345            0 
            8           128           500             0             1        202 126.141479            0 
            8           128           500             0             1        203 129.728149            0 
            8           128           500             0             1        204 124.391479            0 
            8           128           500             0             1        205 127.485352            0 
            8           128           500             0             1        206 124.251587            0 
            8           128           500             0             1        207 127.345215            0 
            8           128           500             0             1        208 124.914429            0 
            8           128           500             0             1        209 128.180176            0 
            8           128           500             0             1        210 124.780518            0 
            8           128           500             0             1        211 126.913330            0 
            8           128           500             0             1        212 126.400269            0 
            8           128           500             0             1        213 127.736206            0 
            8           128           500             0             1        214 127.680298            0 
            8           128           500             0             1        215 128.550171            0 
            8           128           500             0             1        216 126.972412            0 
            8           128           500             0             1        217 127.036377            0 
            8           128           500             0             1        218 125.416504            0 
            8           128           500             0             1        219 127.160278            0 
            8           128           500             0             1        220 124.816528            0 
            8           128           500             0             1        221 127.419434            0 
            8           128           500             0             1        222 124.630493            0 
            8           128           500             0             1        223 127.307373            0 
            8           128           500             0             1        224 126.349365            0 
            8           128           500             0             1        225 127.604248            0 
            8           128           500             0             1        226 124.762451            0 
            8           128           500             0             1        227 128.015259            0 
            8           128           500             0             1        228 124.808594            0 
            8           128           500             0             1        229 127.393311            0 
            8           128           500             0             1        230 124.726440            0 
            8           128           500             0             1        231 127.450317            0 
            8           128           500             0             1        232 124.213501            0 
            8           128           500             0             1        233 128.257324            0 
            8           128           500             0             1        234 125.576416            0 
            8           128           500             0             1        235 130.406006            0 
            8           128           500             0             1        236 124.358521            0 
            8           128           500             0             1        237 128.536133            0 
            8           128           500             0             1        238 128.145142            0 
            8           128           500             0             1        239 127.856201            0 
            8           128           500             0             1        240 124.795532            0 
            8           128           500             0             1        241 127.259399            0 
            8           128           500             0             1        242 124.782471            0 
            8           128           500             0             1        243 127.254272            0 
            8           128           500             0             1        244 126.705322            0 
            8           128           500             0             1        245 126.306396            0 
            8           128           500             0             1        246 126.868408            0 
            8           128           500             0             1        247 127.529297            0 
            8           128           500             0             1        248 124.548584            0 
            8           128           500             0             1        249 127.159424            0 
            8           128           500             0             1        250 124.738403            0 
            8           128           500             0             1        251 127.275391            0 
            8           128           500             0             1        252 124.244507            0 
            8           128           500             0             1        253 127.350464            0 
            8           128           500             0             1        254 125.071533            1 
            8           128           500             0             1        255 127.496338            0 
            8           128           500             0             1        256 126.865356            3 
            8           128           500             0             1        257 128.262207            0 
            8           128           500             0             1        258 126.094482            0 
            8           128           500             0             1        259 130.437134            0 
            8           128           500             0             1        260 124.793457            0 
            8           128           500             0             1        261 129.725220            0 
            8           128           500             0             1        262 127.624268            0 
            8           128           500             0             1        263 127.129395            0 
            8           128           500             0             1        264 127.475342            0 
            8           128           500             0             1        265 127.371338            0 
            8           128           500             0             1        266 124.841309            0 
            8           128           500             0             1        267 127.638184            0 
            8           128           500             0             1        268 124.448486            0 
            8           128           500             0             1        269 127.196289            0 
            8           128           500             0             1        270 124.484619            0 
            8           128           500             0             1        271 127.304321            0 
            8           128           500             0             1        272 127.867432            0 
            8           128           500             0             1        273 127.379272            0 
            8           128           500             0             1        274 124.527466            0 
            8           128           500             0             1        275 127.031372            0 
            8           128           500             0             1        276 127.613403            0 
            8           128           500             0             1        277 128.127319            0 
            8           128           500             0             1        278 125.546509            0 
            8           128           500             0             1        279 127.529297            0 
            8           128           500             0             1        280 124.400513            0 
            8           128           500             0             1        281 127.901367            0 
            8           128           500             0             1        282 126.888306            0 
            8           128           500             0             1        283 127.949219            0 
            8           128           500             0             1        284 125.390381            0 
            8           128           500             0             1        285 126.744263            0 
            8           128           500             0             1        286 124.777466            0 
            8           128           500             0             1        287 127.269409            0 
            8           128           500             0             1        288 124.560547            0 
            8           128           500             0             1        289 129.286133            0 
            8           128           500             0             1        290 127.344238            0 
            8           128           500             0             1        291 127.605225            0 
            8           128           500             0             1        292 127.819214            0 
            8           128           500             0             1        293 128.089233            0 
            8           128           500             0             1        294 126.158447            0 
            8           128           500             0             1        295 127.382324            0 
            8           128           500             0             1        296 127.028320            0 
            8           128           500             0             1        297 127.171265            0 
            8           128           500             0             1        298 124.559692            0 
            8           128           500             0             1        299 127.943237            0 
            8           128           500             0             1        300 127.662476            0 
            8           128           500             0             1        301 126.842285            0 
            8           128           500             0             1        302 125.413452            0 
            8           128           500             0             1        303 127.180298            0 
            8           128           500             0             1        304 124.932373            0 
            8           128           500             0             1        305 127.608398            0 
            8           128           500             0             1        306 125.906372            0 
            8           128           500             0             1        307 127.553345            0 
            8           128           500             0             1        308 127.723389            0 
            8           128           500             0             1        309 126.928223            0 
            8           128           500             0             1        310 124.400513            0 
            8           128           500             0             1        311 128.142334            0 
            8           128           500             0             1        312 125.409302            0 
            8           128           500             0             1        313 127.335327            0 
            8           128           500             0             1        314 124.848511            0 
            8           128           500             0             1        315 127.445190            0 
            8           128           500             0             1        316 125.698486            0 
            8           128           500             0             1        317 127.420288            0 
            8           128           500             0             1        318 125.043457            0 
            8           128           500             0             1        319 127.638306            0 
            8           128           500             0             1        320 124.951538            0 
            8           128           500             0             1        321 126.637207            0 
            8           128           500             0             1        322 124.628540            0 
            8           128           500             0             1        323 127.157227            0 
            8           128           500             0             1        324 124.667480            0 
            8           128           500             0             1        325 126.815430            0 
            8           128           500             0             1        326 125.208374            0 
            8           128           500             0             1        327 127.513184            0 
            8           128           500             0             1        328 126.010376            0 
            8           128           500             0             1        329 127.113281            0 
            8           128           500             0             1        330 127.817261            0 
            8           128           500             0             1        331 127.300415            0 
            8           128           500             0             1        332 158.389160            0 
            8           128           500             0             1        333 127.666382            0 
            8           128           500             0             1        334 124.746582            0 
            8           128           500             0             1        335 127.283325            0 
            8           128           500             0             1        336 127.817261            0 
            8           128           500             0             1        337 127.407227            0 
            8           128           500             0             1        338 127.240356            0 
            8           128           500             0             1        339 127.117432            0 
            8           128           500             0             1        340 124.565430            0 
            8           128           500             0             1        341 127.379272            0 
            8           128           500             0             1        342 124.582520            0 
            8           128           500             0             1        343 128.350098            0 
            8           128           500             0             1        344 125.491455            0 
            8           128           500             0             1        345 129.489136            0 
            8           128           500             0             1        346 124.248535            0 
            8           128           500             0             1        347 127.124390            0 
            8           128           500             0             1        348 124.437500            0 
            8           128           500             0             1        349 127.481445            0 
            8           128           500             0             1        350 124.345581            0 
            8           128           500             0             1        351 127.373413            0 
            8           128           500             0             1        352 126.858276            0 
            8           128           500             0             1        353 127.379395            0 
            8           128           500             0             1        354 124.797485            0 
            8           128           500             0             1        355 127.355225            0 
            8           128           500             0             1        356 127.622314            0 
            8           128           500             0             1        357 127.585327            0 
            8           128           500             0             1        358 125.964478            0 
            8           128           500             0             1        359 127.544189            0 
            8           128           500             0             1        360 127.257202            0 
            8           128           500             0             1        361 127.606323            0 
            8           128           500             0             1        362 124.294556            0 
            8           128           500             0             1        363 127.630493            0 
            8           128           500             0             1        364 124.868286            0 
            8           128           500             0             1        365 127.559204            0 
            8           128           500             0             1        366 125.807373            0 
            8           128           500             0             1        367 127.312378            0 
            8           128           500             0             1        368 127.451416            0 
            8           128           500             0             1        369 127.463257            0 
            8           128           500             0             1        370 124.302612            0 
            8           128           500             0             1        371 127.728271            0 
            8           128           500             0             1        372 124.425537            0 
            8           128           500             0             1        373 126.874390            0 
            8           128           500             0             1        374 124.679565            0 
            8           128           500             0             1        375 127.483276            0 
            8           128           500             0             1        376 125.270264            0 
            8           128           500             0             1        377 127.135376            0 
            8           128           500             0             1        378 124.656494            0 
            8           128           500             0             1        379 128.509277            0 
            8           128           500             0             1        380 125.117432            0 
            8           128           500             0             1        381 128.278198            0 
            8           128           500             0             1        382 128.576294            0 
            8           128           500             0             1        383 127.088379            0 
            8           128           500             0             1        384 124.998535            0 
            8           128           500             0             1        385 126.728394            0 
            8           128           500             0             1        386 124.782349            0 
            8           128           500             0             1        387 127.549438            0 
            8           128           500             0             1        388 125.611450            0 
            8           128           500             0             1        389 127.041382            0 
            8           128           500             0             1        390 126.522339            0 
            8           128           500             0             1        391 127.382324            0 
            8           128           500             0             1        392 125.765381            0 
            8           128           500             0             1        393 127.172241            0 
            8           128           500             0             1        394 124.732666            0 
            8           128           500             0             1        395 127.593262            0 
            8           128           500             0             1        396 125.497437            0 
            8           128           500             0             1        397 127.591187            0 
            8           128           500             0             1        398 124.768311            0 
            8           128           500             0             1        399 127.744263            0 
            8           128           500             0             1        400 124.857544            0 
            8           128           500             0             1        401 127.989258            0 
            8           128           500             0             1        402 125.109497            0 
            8           128           500             0             1        403 127.135376            0 
            8           128           500             0             1        404 125.957520            0 
            8           128           500             0             1        405 127.870239            0 
            8           128           500             0             1        406 124.304565            0 
            8           128           500             0             1        407 128.545288            0 
            8           128           500             0             1        408 127.692261            0 
            8           128           500             0             1        409 128.328247            0 
            8           128           500             0             1        410 124.954468            0 
            8           128           500             0             1        411 127.149292            0 
            8           128           500             0             1        412 126.100342            0 
            8           128           500             0             1        413 127.332153            0 
            8           128           500             0             1        414 127.447266            0 
            8           128           500             0             1        415 127.196289            0 
            8           128           500             0             1        416 126.730347            0 
            8           128           500             0             1        417 127.013306            0 
            8           128           500             0             1        418 124.260498            0 
            8           128           500             0             1        419 127.563232            0 
            8           128           500             0             1        420 125.903442            0 
            8           128           500             0             1        421 130.272095            0 
            8           128           500             0             1        422 128.270264            0 
            8           128           500             0             1        423 127.088501            0 
            8           128           500             0             1        424 126.566406            0 
            8           128           500             0             1        425 130.700073            0 
            8           128           500             0             1        426 124.540405            0 
            8           128           500             0             1        427 130.614258            0 
            8           128           500             0             1        428 125.572388            0 
            8           128           500             0             1        429 127.244385            0 
            8           128           500             0             1        430 127.195435            0 
            8           128           500             0             1        431 127.131226            0 
            8           128           500             0             1        432 126.574341            0 
            8           128           500             0             1        433 126.977295            0 
            8           128           500             0             1        434 124.406494            0 
            8           128           500             0             1        435 127.193237            0 
            8           128           500             0             1        436 124.819458            0 
            8           128           500             0             1        437 127.017212            0 
            8           128           500             0             1        438 124.586548            0 
            8           128           500             0             1        439 127.489136            0 
            8           128           500             0             1        440 127.085449            0 
            8           128           500             0             1        441 127.436279            0 
            8           128           500             0             1        442 125.747314            0 
            8           128           500             0             1        443 127.280396            0 
            8           128           500             0             1        444 124.204590            0 
            8           128           500             0             1        445 128.478149            0 
            8           128           500             0             1        446 124.645386            0 
            8           128           500             0             1        447 127.027222            0 
            8           128           500             0             1        448 125.028442            0 
            8           128           500             0             1        449 127.226318            0 
            8           128           500             0             1        450 124.856445            0 
            8           128           500             0             1        451 128.148315            0 
            8           128           500             0             1        452 127.052368            0 
            8           128           500             0             1        453 127.716187            0 
            8           128           500             0             1        454 127.506470            0 
            8           128           500             0             1        455 128.249268            0 
            8           128           500             0             1        456 125.915527            0 
            8           128           500             0             1        457 127.137207            0 
            8           128           500             0             1        458 124.640381            0 
            8           128           500             0             1        459 127.804321            0 
            8           128           500             0             1        460 125.213623            0 
            8           128           500             0             1        461 127.022217            0 
            8           128           500             0             1        462 127.335449            0 
            8           128           500             0             1        463 129.658203            0 
            8           128           500             0             1        464 124.991455            0 
            8           128           500             0             1        465 127.399292            0 
            8           128           500             0             1        466 127.488281            0 
            8           128           500             0             1        467 126.931519            0 
            8           128           500             0             1        468 127.618408            0 
            8           128           500             0             1        469 127.232300            0 
            8           128           500             0             1        470 127.639282            0 
            8           128           500             0             1        471 127.175293            0 
            8           128           500             0             1        472 124.514526            0 
            8           128           500             0             1        473 127.417236            0 
            8           128           500             0             1        474 124.708496            0 
            8           128           500             0             1        475 127.656128            0 
            8           128           500             0             1        476 124.343628            0 
            8           128           500             0             1        477 127.311401            0 
            8           128           500             0             1        478 125.066528            0 
            8           128           500             0             1        479 127.044189            0 
            8           128           500             0             1        480 127.104370            0 
            8           128           500             0             1        481 127.362427            0 
            8           128           500             0             1        482 126.181396            0 
            8           128           500             0             1        483 126.958374            0 
            8           128           500             0             1        484 124.823486            0 
            8           128           500             0             1        485 127.537354            0 
            8           128           500             0             1        486 127.452271            0 
            8           128           500             0             1        487 127.010376            0 
            8           128           500             0             1        488 124.338623            0 
            8           128           500             0             1        489 127.158325            0 
            8           128           500             0             1        490 127.235229            0 
            8           128           500             0             1        491 127.546265            0 
            8           128           500             0             1        492 125.120361            0 
            8           128           500             0             1        493 127.193237            0 
            8           128           500             0             1        494 126.218506            0 
            8           128           500             0             1        495 130.605225            0 
            8           128           500             0             1        496 127.801270            0 
            8           128           500             0             1        497 126.887329            0 
            8           128           500             0             1        498 127.694336            0 
            8           128           500             0             1        499 128.230225            0 
# Runtime: 1.854269 s (overhead: 0.000270 %) 500 records
