# Execution time and date (UTC): Fri Aug  9 15:24:59 2024
# Execution time and date (local): Fri Aug  9 18:24:59 2024
# MPI execution on rank 0 with 2 processes in world
# Reported time measurements are in microseconds
# pretty output format
     msg_size  window_size         runs   recv_index    num_peers       id         time     overhead 
            8           128           500             0             1          0 249.791016            0 
            8           128           500             0             1          1 256.005615            0 
            8           128           500             0             1          2 246.058228            0 
            8           128           500             0             1          3 253.653687            0 
            8           128           500             0             1          4 245.976318            0 
            8           128           500             0             1          5 253.655884            0 
            8           128           500             0             1          6 246.206299            0 
            8           128           500             0             1          7 253.649780            0 
            8           128           500             0             1          8 246.071411            0 
            8           128           500             0             1          9 255.993652            0 
            8           128           500             0             1         10 252.211792            0 
            8           128           500             0             1         11 253.537720            0 
            8           128           500             0             1         12 252.403809            0 
            8           128           500             0             1         13 253.887939            0 
            8           128           500             0             1         14 252.485840            0 
            8           128           500             0             1         15 255.912598            0 
            8           128           500             0             1         16 246.188232            0 
            8           128           500             0             1         17 253.702759            0 
            8           128           500             0             1         18 246.045288            0 
            8           128           500             0             1         19 253.491699            0 
            8           128           500             0             1         20 246.039185            0 
            8           128           500             0             1         21 270.808472            0 
            8           128           500             0             1         22 246.142334            0 
            8           128           500             0             1         23 253.788696            0 
            8           128           500             0             1         24 246.161255            0 
            8           128           500             0             1         25 256.155640            0 
            8           128           500             0             1         26 246.104248            0 
            8           128           500             0             1         27 253.735840            0 
            8           128           500             0             1         28 252.368896            0 
            8           128           500             0             1         29 253.716797            0 
            8           128           500             0             1         30 246.069214            0 
            8           128           500             0             1         31 253.667725            0 
            8           128           500             0             1         32 252.192871            0 
            8           128           500             0             1         33 256.244629            0 
            8           128           500             0             1         34 252.369751            0 
            8           128           500             0             1         35 253.698853            0 
            8           128           500             0             1         36 245.906372            0 
            8           128           500             0             1         37 253.575806            0 
            8           128           500             0             1         38 252.231934            0 
            8           128           500             0             1         39 255.845581            0 
            8           128           500             0             1         40 252.417847            0 
            8           128           500             0             1         41 253.724731            0 
            8           128           500             0             1         42 246.052246            0 
            8           128           500             0             1         43 256.011597            0 
            8           128           500             0             1         44 246.146240            0 
            8           128           500             0             1         45 253.700806            0 
            8           128           500             0             1         46 246.335083            0 
            8           128           500             0             1         47 256.020630            0 
            8           128           500             0             1         48 245.933228            0 
            8           128           500             0             1         49 253.690796            0 
            8           128           500             0             1         50 252.324829            0 
            8           128           500             0             1         51 256.189575            0 
            8           128           500             0             1         52 252.475830            0 
            8           128           500             0             1         53 253.745728            0 
            8           128           500             0             1         54 252.307861            0 
            8           128           500             0             1         55 253.840576            0 
            8           128           500             0             1         56 252.136963            0 
            8           128           500             0             1         57 253.610718            0 
            8           128           500             0             1         58 245.983276            0 
            8           128           500             0             1         59 253.656738            0 
            8           128           500             0             1         60 360.624634            0 
            8           128           500             0             1         61 253.809692            0 
            8           128           500             0             1         62 252.267944            0 
            8           128           500             0             1         63 255.757568            0 
            8           128           500             0             1         64 252.522949            0 
            8           128           500             0             1         65 256.148560            0 
            8           128           500             0             1         66 244.725342            0 
            8           128           500             0             1         67 251.418945            0 
            8           128           500             0             1         68 252.134888            0 
            8           128           500             0             1         69 256.224609            0 
            8           128           500             0             1         70 246.018311            0 
            8           128           500             0             1         71 253.256714            0 
            8           128           500             0             1         72 246.451294            0 
            8           128           500             0             1         73 256.247559            0 
            8           128           500             0             1         74 246.092285            0 
            8           128           500             0             1         75 253.787720            0 
            8           128           500             0             1         76 252.346802            0 
            8           128           500             0             1         77 253.629761            0 
            8           128           500             0             1         78 252.376709            0 
            8           128           500             0             1         79 253.975586            0 
            8           128           500             0             1         80 252.490845            0 
            8           128           500             0             1         81 255.999512            0 
            8           128           500             0             1         82 244.960327            0 
            8           128           500             0             1         83 251.590942            0 
            8           128           500             0             1         84 252.419800            0 
            8           128           500             0             1         85 253.577759            0 
            8           128           500             0             1         86 245.903198            0 
            8           128           500             0             1         87 253.692749            0 
            8           128           500             0             1         88 252.340820            0 
            8           128           500             0             1         89 254.162720            0 
            8           128           500             0             1         90 246.036377            0 
            8           128           500             0             1         91 253.608887            0 
            8           128           500             0             1         92 246.062378            0 
            8           128           500             0             1         93 256.102539            0 
            8           128           500             0             1         94 252.312744            0 
            8           128           500             0             1         95 256.237671            0 
            8           128           500             0             1         96 252.458862            0 
            8           128           500             0             1         97 253.758911            0 
            8           128           500             0             1         98 252.208862            0 
            8           128           500             0             1         99 255.799561            0 
            8           128           500             0             1        100 252.299927            0 
            8           128           500             0             1        101 253.794800            0 
            8           128           500             0             1        102 246.109253            0 
            8           128           500             0             1        103 253.666748            0 
            8           128           500             0             1        104 252.231934            0 
            8           128           500             0             1        105 256.196655            0 
            8           128           500             0             1        106 252.292725            0 
            8           128           500             0             1        107 256.242676            0 
            8           128           500             0             1        108 246.103394            0 
            8           128           500             0             1        109 256.290649            0 
            8           128           500             0             1        110 246.099365            0 
            8           128           500             0             1        111 253.737793            0 
            8           128           500             0             1        112 246.171265            0 
            8           128           500             0             1        113 253.590820            0 
            8           128           500             0             1        114 245.938110            0 
            8           128           500             0             1        115 253.905884            0 
            8           128           500             0             1        116 245.963257            0 
            8           128           500             0             1        117 253.788696            0 
            8           128           500             0             1        118 246.042480            0 
            8           128           500             0             1        119 253.894653            0 
            8           128           500             0             1        120 252.303711            0 
            8           128           500             0             1        121 253.657837            0 
            8           128           500             0             1        122 246.132324            0 
            8           128           500             0             1        123 256.016602            0 
            8           128           500             0             1        124 246.014282            0 
            8           128           500             0             1        125 254.027832            0 
            8           128           500             0             1        126 246.199341            0 
            8           128           500             0             1        127 253.691772            0 
            8           128           500             0             1        128 252.390869            0 
            8           128           500             0             1        129 253.668823            0 
            8           128           500             0             1        130 246.064331            0 
            8           128           500             0             1        131 256.201660            0 
            8           128           500             0             1        132 245.982300            0 
            8           128           500             0             1        133 253.606812            0 
            8           128           500             0             1        134 252.422974            0 
            8           128           500             0             1        135 253.560791            0 
            8           128           500             0             1        136 252.349854            0 
            8           128           500             0             1        137 253.936646            0 
            8           128           500             0             1        138 245.996216            0 
            8           128           500             0             1        139 256.321655            0 
            8           128           500             0             1        140 254.324707            0 
            8           128           500             0             1        141 253.837769            0 
            8           128           500             0             1        142 246.365112            0 
            8           128           500             0             1        143 253.738892            0 
            8           128           500             0             1        144 244.819336            0 
            8           128           500             0             1        145 256.414551            0 
            8           128           500             0             1        146 245.862305            0 
            8           128           500             0             1        147 253.506836            0 
            8           128           500             0             1        148 246.155273            0 
            8           128           500             0             1        149 254.204712            0 
            8           128           500             0             1        150 252.604858            0 
            8           128           500             0             1        151 256.018555            0 
            8           128           500             0             1        152 252.259766            0 
            8           128           500             0             1        153 253.649902            0 
            8           128           500             0             1        154 246.066162            0 
            8           128           500             0             1        155 253.768677            0 
            8           128           500             0             1        156 244.818359            0 
            8           128           500             0             1        157 256.216553            0 
            8           128           500             0             1        158 246.463257            0 
            8           128           500             0             1        159 255.972534            0 
            8           128           500             0             1        160 246.282227            0 
            8           128           500             0             1        161 253.745728            0 
            8           128           500             0             1        162 252.252930            0 
            8           128           500             0             1        163 253.617798            0 
            8           128           500             0             1        164 246.105347            0 
            8           128           500             0             1        165 253.693726            0 
            8           128           500             0             1        166 252.401001            0 
            8           128           500             0             1        167 253.525635            0 
            8           128           500             0             1        168 252.345703            0 
            8           128           500             0             1        169 253.882812            1 
            8           128           500             0             1        170 246.163330            0 
            8           128           500             0             1        171 253.861816            0 
            8           128           500             0             1        172 252.398804            0 
            8           128           500             0             1        173 256.053589            0 
            8           128           500             0             1        174 252.342896            0 
            8           128           500             0             1        175 253.926758            0 
            8           128           500             0             1        176 252.398926            0 
            8           128           500             0             1        177 253.804810            0 
            8           128           500             0             1        178 244.816406            0 
            8           128           500             0             1        179 251.842896            0 
            8           128           500             0             1        180 246.085327            0 
            8           128           500             0             1        181 253.738770            0 
            8           128           500             0             1        182 245.960327            0 
            8           128           500             0             1        183 255.982666            0 
            8           128           500             0             1        184 252.302979            0 
            8           128           500             0             1        185 253.765625            0 
            8           128           500             0             1        186 252.442871            0 
            8           128           500             0             1        187 256.186523            0 
            8           128           500             0             1        188 246.020264            0 
            8           128           500             0             1        189 253.767700            0 
            8           128           500             0             1        190 246.039307            0 
            8           128           500             0             1        191 253.703857            0 
            8           128           500             0             1        192 252.550781            0 
            8           128           500             0             1        193 253.785889            0 
            8           128           500             0             1        194 245.972290            0 
            8           128           500             0             1        195 253.697754            0 
            8           128           500             0             1        196 252.261841            0 
            8           128           500             0             1        197 253.907715            0 
            8           128           500             0             1        198 246.008301            0 
            8           128           500             0             1        199 256.112549            0 
            8           128           500             0             1        200 245.114380            0 
            8           128           500             0             1        201 256.175659            0 
            8           128           500             0             1        202 246.079224            0 
            8           128           500             0             1        203 253.693848            0 
            8           128           500             0             1        204 246.099243            0 
            8           128           500             0             1        205 253.751587            0 
            8           128           500             0             1        206 246.032104            0 
            8           128           500             0             1        207 255.781494            0 
            8           128           500             0             1        208 252.545898            0 
            8           128           500             0             1        209 253.653809            0 
            8           128           500             0             1        210 252.457764            0 
            8           128           500             0             1        211 253.592773            0 
            8           128           500             0             1        212 246.442261            0 
            8           128           500             0             1        213 253.725830            0 
            8           128           500             0             1        214 245.903320            0 
            8           128           500             0             1        215 253.593872            0 
            8           128           500             0             1        216 252.421875            0 
            8           128           500             0             1        217 256.201660            0 
            8           128           500             0             1        218 246.085327            0 
            8           128           500             0             1        219 255.986694            0 
            8           128           500             0             1        220 246.135254            0 
            8           128           500             0             1        221 256.269531            0 
            8           128           500             0             1        222 252.247803            0 
            8           128           500             0             1        223 253.577637            0 
            8           128           500             0             1        224 244.779419            0 
            8           128           500             0             1        225 251.489868            0 
            8           128           500             0             1        226 252.228882            0 
            8           128           500             0             1        227 255.929443            0 
            8           128           500             0             1        228 252.278931            0 
            8           128           500             0             1        229 253.671875            0 
            8           128           500             0             1        230 254.009766            0 
            8           128           500             0             1        231 256.048584            0 
            8           128           500             0             1        232 252.296753            0 
            8           128           500             0             1        233 256.103516            0 
            8           128           500             0             1        234 246.057251            0 
            8           128           500             0             1        235 256.092529            0 
            8           128           500             0             1        236 246.351318            0 
            8           128           500             0             1        237 253.990723            0 
            8           128           500             0             1        238 252.382935            0 
            8           128           500             0             1        239 253.747681            0 
            8           128           500             0             1        240 252.204834            0 
            8           128           500             0             1        241 253.678833            0 
            8           128           500             0             1        242 246.047363            0 
            8           128           500             0             1        243 253.604736            0 
            8           128           500             0             1        244 252.280762            0 
            8           128           500             0             1        245 254.001709            0 
            8           128           500             0             1        246 252.445801            0 
            8           128           500             0             1        247 253.580688            0 
            8           128           500             0             1        248 252.438843            0 
            8           128           500             0             1        249 255.939575            0 
            8           128           500             0             1        250 245.961426            0 
            8           128           500             0             1        251 253.659790            0 
            8           128           500             0             1        252 252.357910            0 
            8           128           500             0             1        253 253.950806            0 
            8           128           500             0             1        254 246.301147            0 
            8           128           500             0             1        255 253.871826            0 
            8           128           500             0             1        256 252.559814            3 
            8           128           500             0             1        257 253.698730            0 
            8           128           500             0             1        258 252.228882            0 
            8           128           500             0             1        259 253.605835            0 
            8           128           500             0             1        260 252.195801            0 
            8           128           500             0             1        261 256.279541            0 
            8           128           500             0             1        262 245.969238            0 
            8           128           500             0             1        263 253.662720            0 
            8           128           500             0             1        264 252.390869            0 
            8           128           500             0             1        265 253.842651            0 
            8           128           500             0             1        266 246.121338            0 
            8           128           500             0             1        267 255.924683            0 
            8           128           500             0             1        268 245.973267            0 
            8           128           500             0             1        269 256.120483            0 
            8           128           500             0             1        270 246.219238            0 
            8           128           500             0             1        271 253.617676            0 
            8           128           500             0             1        272 252.399902            0 
            8           128           500             0             1        273 253.698730            0 
            8           128           500             0             1        274 252.245850            0 
            8           128           500             0             1        275 256.145630            0 
            8           128           500             0             1        276 252.200928            0 
            8           128           500             0             1        277 256.231445            0 
            8           128           500             0             1        278 246.204224            0 
            8           128           500             0             1        279 253.558716            0 
            8           128           500             0             1        280 252.425903            0 
            8           128           500             0             1        281 256.083618            0 
            8           128           500             0             1        282 246.123291            0 
            8           128           500             0             1        283 256.024658            0 
            8           128           500             0             1        284 246.069336            0 
            8           128           500             0             1        285 256.184570            0 
            8           128           500             0             1        286 246.150269            0 
            8           128           500             0             1        287 253.746704            0 
            8           128           500             0             1        288 252.400879            0 
            8           128           500             0             1        289 256.105591            0 
            8           128           500             0             1        290 245.953369            0 
            8           128           500             0             1        291 253.627686            0 
            8           128           500             0             1        292 245.995239            0 
            8           128           500             0             1        293 256.090576            0 
            8           128           500             0             1        294 246.232300            0 
            8           128           500             0             1        295 256.217529            0 
            8           128           500             0             1        296 252.385864            0 
            8           128           500             0             1        297 253.945679            0 
            8           128           500             0             1        298 246.026245            0 
            8           128           500             0             1        299 253.676880            0 
            8           128           500             0             1        300 252.491943            0 
            8           128           500             0             1        301 254.012695            0 
            8           128           500             0             1        302 246.164185            0 
            8           128           500             0             1        303 256.127563            0 
            8           128           500             0             1        304 246.122314            0 
            8           128           500             0             1        305 253.807739            0 
            8           128           500             0             1        306 246.027344            0 
            8           128           500             0             1        307 254.062622            0 
            8           128           500             0             1        308 252.259766            0 
            8           128           500             0             1        309 253.560791            0 
            8           128           500             0             1        310 245.952271            0 
            8           128           500             0             1        311 253.852905            0 
            8           128           500             0             1        312 246.143311            0 
            8           128           500             0             1        313 253.755737            0 
            8           128           500             0             1        314 255.976562            0 
            8           128           500             0             1        315 253.588867            0 
            8           128           500             0             1        316 252.612793            0 
            8           128           500             0             1        317 256.020630            0 
            8           128           500             0             1        318 245.949341            0 
            8           128           500             0             1        319 253.838623            0 
            8           128           500             0             1        320 246.108154            0 
            8           128           500             0             1        321 256.040649            0 
            8           128           500             0             1        322 245.932129            0 
            8           128           500             0             1        323 253.873779            0 
            8           128           500             0             1        324 245.976196            0 
            8           128           500             0             1        325 253.707764            0 
            8           128           500             0             1        326 245.951172            0 
            8           128           500             0             1        327 253.518677            0 
            8           128           500             0             1        328 252.250854            0 
            8           128           500             0             1        329 256.094604            0 
            8           128           500             0             1        330 246.159302            0 
            8           128           500             0             1        331 253.964844            0 
            8           128           500             0             1        332 246.097290            0 
            8           128           500             0             1        333 253.668823            0 
            8           128           500             0             1        334 252.282837            0 
            8           128           500             0             1        335 253.689819            0 
            8           128           500             0             1        336 252.215820            0 
            8           128           500             0             1        337 254.075684            0 
            8           128           500             0             1        338 252.241943            0 
            8           128           500             0             1        339 256.128662            0 
            8           128           500             0             1        340 252.369873            0 
            8           128           500             0             1        341 253.715820            0 
            8           128           500             0             1        342 252.167847            0 
            8           128           500             0             1        343 255.906616            0 
            8           128           500             0             1        344 252.380859            0 
            8           128           500             0             1        345 256.148560            0 
            8           128           500             0             1        346 252.269897            0 
            8           128           500             0             1        347 253.749634            0 
            8           128           500             0             1        348 252.324951            0 
            8           128           500             0             1        349 253.838867            0 
            8           128           500             0             1        350 246.114136            0 
            8           128           500             0             1        351 256.047607            0 
            8           128           500             0             1        352 252.273682            0 
            8           128           500             0             1        353 253.641846            0 
            8           128           500             0             1        354 245.884155            0 
            8           128           500             0             1        355 255.996582            0 
            8           128           500             0             1        356 252.283813            0 
            8           128           500             0             1        357 254.013794            0 
            8           128           500             0             1        358 252.440796            0 
            8           128           500             0             1        359 253.396729            0 
            8           128           500             0             1        360 246.067261            0 
            8           128           500             0             1        361 253.570801            0 
            8           128           500             0             1        362 252.482788            0 
            8           128           500             0             1        363 256.004517            0 
            8           128           500             0             1        364 246.065186            0 
            8           128           500             0             1        365 253.781738            0 
            8           128           500             0             1        366 252.587769            0 
            8           128           500             0             1        367 253.958740            0 
            8           128           500             0             1        368 252.423828            0 
            8           128           500             0             1        369 253.589844            0 
            8           128           500             0             1        370 245.953247            0 
            8           128           500             0             1        371 253.613770            0 
            8           128           500             0             1        372 252.329956            0 
            8           128           500             0             1        373 254.062744            0 
            8           128           500             0             1        374 252.482788            0 
            8           128           500             0             1        375 256.119629            0 
            8           128           500             0             1        376 252.371826            0 
            8           128           500             0             1        377 256.277466            0 
            8           128           500             0             1        378 252.306763            0 
            8           128           500             0             1        379 256.054565            0 
            8           128           500             0             1        380 246.362183            0 
            8           128           500             0             1        381 256.078613            0 
            8           128           500             0             1        382 246.072266            0 
            8           128           500             0             1        383 256.083496            0 
            8           128           500             0             1        384 252.532837            0 
            8           128           500             0             1        385 253.917725            0 
            8           128           500             0             1        386 246.035156            0 
            8           128           500             0             1        387 253.980713            0 
            8           128           500             0             1        388 252.454956            0 
            8           128           500             0             1        389 255.983765            0 
            8           128           500             0             1        390 245.795288            0 
            8           128           500             0             1        391 255.912598            0 
            8           128           500             0             1        392 246.270264            0 
            8           128           500             0             1        393 253.780762            0 
            8           128           500             0             1        394 252.307861            0 
            8           128           500             0             1        395 253.723755            0 
            8           128           500             0             1        396 252.413818            0 
            8           128           500             0             1        397 253.749756            0 
            8           128           500             0             1        398 245.959229            0 
            8           128           500             0             1        399 255.963623            0 
            8           128           500             0             1        400 252.432861            0 
            8           128           500             0             1        401 253.755615            0 
            8           128           500             0             1        402 246.238281            0 
            8           128           500             0             1        403 253.635742            0 
            8           128           500             0             1        404 246.282349            0 
            8           128           500             0             1        405 256.304565            0 
            8           128           500             0             1        406 245.936279            0 
            8           128           500             0             1        407 253.574707            0 
            8           128           500             0             1        408 252.206787            0 
            8           128           500             0             1        409 253.867798            0 
            8           128           500             0             1        410 246.011230            0 
            8           128           500             0             1        411 255.971558            0 
            8           128           500             0             1        412 245.996216            0 
            8           128           500             0             1        413 254.080688            0 
            8           128           500             0             1        414 246.661255            0 
            8           128           500             0             1        415 253.659790            0 
            8           128           500             0             1        416 252.439819            0 
            8           128           500             0             1        417 254.088745            0 
            8           128           500             0             1        418 252.142822            0 
            8           128           500             0             1        419 255.856567            0 
            8           128           500             0             1        420 252.306885            0 
            8           128           500             0             1        421 256.116577            0 
            8           128           500             0             1        422 252.630859            0 
            8           128           500             0             1        423 255.908691            0 
            8           128           500             0             1        424 246.000244            0 
            8           128           500             0             1        425 253.488770            0 
            8           128           500             0             1        426 245.984131            0 
            8           128           500             0             1        427 253.522827            0 
            8           128           500             0             1        428 244.816284            0 
            8           128           500             0             1        429 251.517944            0 
            8           128           500             0             1        430 252.324707            0 
            8           128           500             0             1        431 253.725708            0 
            8           128           500             0             1        432 252.429932            0 
            8           128           500             0             1        433 253.604736            0 
            8           128           500             0             1        434 245.947388            0 
            8           128           500             0             1        435 253.721680            0 
            8           128           500             0             1        436 252.621704            0 
            8           128           500             0             1        437 253.522705            0 
            8           128           500             0             1        438 252.366943            0 
            8           128           500             0             1        439 253.960815            0 
            8           128           500             0             1        440 252.309814            0 
            8           128           500             0             1        441 254.050659            0 
            8           128           500             0             1        442 245.971313            0 
            8           128           500             0             1        443 253.580688            0 
            8           128           500             0             1        444 246.161377            0 
            8           128           500             0             1        445 253.927734            0 
            8           128           500             0             1        446 246.608154            0 
            8           128           500             0             1        447 253.568604            0 
            8           128           500             0             1        448 252.460938            0 
            8           128           500             0             1        449 256.065552            0 
            8           128           500             0             1        450 246.231201            0 
            8           128           500             0             1        451 255.625732            0 
            8           128           500             0             1        452 246.162354            0 
            8           128           500             0             1        453 253.738770            0 
            8           128           500             0             1        454 246.177246            0 
            8           128           500             0             1        455 253.826782            0 
            8           128           500             0             1        456 252.271973            0 
            8           128           500             0             1        457 254.260864            0 
            8           128           500             0             1        458 252.277832            0 
            8           128           500             0             1        459 256.254517            0 
            8           128           500             0             1        460 246.397217            0 
            8           128           500             0             1        461 256.788452            0 
            8           128           500             0             1        462 246.083252            0 
            8           128           500             0             1        463 256.089722            0 
            8           128           500             0             1        464 252.476807            0 
            8           128           500             0             1        465 253.891724            0 
            8           128           500             0             1        466 252.192871            0 
            8           128           500             0             1        467 256.168579            0 
            8           128           500             0             1        468 252.281738            0 
            8           128           500             0             1        469 256.078735            0 
            8           128           500             0             1        470 246.085205            0 
            8           128           500             0             1        471 253.624756            0 
            8           128           500             0             1        472 246.305298            0 
            8           128           500             0             1        473 253.821777            0 
            8           128           500             0             1        474 251.964966            0 
            8           128           500             0             1        475 270.950562            0 
            8           128           500             0             1        476 252.426025            0 
            8           128           500             0             1        477 253.861694            0 
            8           128           500             0             1        478 252.276855            0 
            8           128           500             0             1        479 255.693604            0 
            8           128           500             0             1        480 246.013306            0 
            8           128           500             0             1        481 253.688721            0 
            8           128           500             0             1        482 245.844116            0 
            8           128           500             0             1        483 255.918701            0 
            8           128           500             0             1        484 252.281860            0 
            8           128           500             0             1        485 253.713745            0 
            8           128           500             0             1        486 252.338745            0 
            8           128           500             0             1        487 256.000732            0 
            8           128           500             0             1        488 252.507935            0 
            8           128           500             0             1        489 253.570801            0 
            8           128           500             0             1        490 245.932251            0 
            8           128           500             0             1        491 253.846802            0 
            8           128           500             0             1        492 246.526245            0 
            8           128           500             0             1        493 253.881836            0 
            8           128           500             0             1        494 246.049194            0 
            8           128           500             0             1        495 255.946655            0 
            8           128           500             0             1        496 252.334839            0 
            8           128           500             0             1        497 253.777832            0 
            8           128           500             0             1        498 252.355835            0 
            8           128           500             0             1        499 253.592773            0 
# Runtime: 1.927691 s (overhead: 0.000208 %) 500 records
