# Execution time and date (UTC): Fri Aug  9 22:10:41 2024
# Execution time and date (local): Sat Aug 10 01:10:41 2024
# MPI execution on rank 0 with 2 processes in world
# Reported time measurements are in microseconds
# pretty output format
     msg_size  window_size         runs   recv_index    num_peers       id         time     overhead 
            8           128           500             0             1          0 54.139893            0 
            8           128           500             0             1          1 50.452271            0 
            8           128           500             0             1          2 49.955322            0 
            8           128           500             0             1          3 48.820190            0 
            8           128           500             0             1          4 50.090210            0 
            8           128           500             0             1          5 49.965454            0 
            8           128           500             0             1          6 50.679199            0 
            8           128           500             0             1          7 49.530273            0 
            8           128           500             0             1          8 49.560181            0 
            8           128           500             0             1          9 50.627319            0 
            8           128           500             0             1         10 50.867188            0 
            8           128           500             0             1         11 50.183228            0 
            8           128           500             0             1         12 50.225220            0 
            8           128           500             0             1         13 50.168213            0 
            8           128           500             0             1         14 50.814331            0 
            8           128           500             0             1         15 50.566284            0 
            8           128           500             0             1         16 50.770264            0 
            8           128           500             0             1         17 50.465332            0 
            8           128           500             0             1         18 50.107300            0 
            8           128           500             0             1         19 48.924316            0 
            8           128           500             0             1         20 50.899170            0 
            8           128           500             0             1         21 50.873291            0 
            8           128           500             0             1         22 50.033325            0 
            8           128           500             0             1         23 49.907349            0 
            8           128           500             0             1         24 50.871216            0 
            8           128           500             0             1         25 49.911377            0 
            8           128           500             0             1         26 49.751221            0 
            8           128           500             0             1         27 49.701294            0 
            8           128           500             0             1         28 50.762207            0 
            8           128           500             0             1         29 50.104370            0 
            8           128           500             0             1         30 50.388306            0 
            8           128           500             0             1         31 49.698364            0 
            8           128           500             0             1         32 50.378296            0 
            8           128           500             0             1         33 49.637329            0 
            8           128           500             0             1         34 49.994385            0 
            8           128           500             0             1         35 49.961304            0 
            8           128           500             0             1         36 49.897217            0 
            8           128           500             0             1         37 50.571167            0 
            8           128           500             0             1         38 50.687256            0 
            8           128           500             0             1         39 49.999390            0 
            8           128           500             0             1         40 50.157349            0 
            8           128           500             0             1         41 49.828369            0 
            8           128           500             0             1         42 50.694336            0 
            8           128           500             0             1         43 49.043335            0 
            8           128           500             0             1         44 49.882324            0 
            8           128           500             0             1         45 50.925293            0 
            8           128           500             0             1         46 49.646240            0 
            8           128           500             0             1         47 50.467285            0 
            8           128           500             0             1         48 50.032227            0 
            8           128           500             0             1         49 50.372192            0 
            8           128           500             0             1         50 50.565186            0 
            8           128           500             0             1         51 50.082275            0 
            8           128           500             0             1         52 49.617310            0 
            8           128           500             0             1         53 50.389160            0 
            8           128           500             0             1         54 50.214233            0 
            8           128           500             0             1         55 50.114258            0 
            8           128           500             0             1         56 50.668091            0 
            8           128           500             0             1         57 50.490234            0 
            8           128           500             0             1         58 50.297241            0 
            8           128           500             0             1         59 49.164307            0 
            8           128           500             0             1         60 50.093262            0 
            8           128           500             0             1         61 50.629272            0 
            8           128           500             0             1         62 49.569336            0 
            8           128           500             0             1         63 50.988159            0 
            8           128           500             0             1         64 50.944214            0 
            8           128           500             0             1         65 49.855347            0 
            8           128           500             0             1         66 49.986206            0 
            8           128           500             0             1         67 50.910278            0 
            8           128           500             0             1         68 50.975220            0 
            8           128           500             0             1         69 49.792358            0 
            8           128           500             0             1         70 50.129272            0 
            8           128           500             0             1         71 50.340210            0 
            8           128           500             0             1         72 50.128296            0 
            8           128           500             0             1         73 50.128296            0 
            8           128           500             0             1         74 51.147217            0 
            8           128           500             0             1         75 49.815430            0 
            8           128           500             0             1         76 50.297241            0 
            8           128           500             0             1         77 49.926270            0 
            8           128           500             0             1         78 49.767334            0 
            8           128           500             0             1         79 50.197388            0 
            8           128           500             0             1         80 51.110229            0 
            8           128           500             0             1         81 49.820312            0 
            8           128           500             0             1         82 50.252319            0 
            8           128           500             0             1         83 48.610352            0 
            8           128           500             0             1         84 50.012329            0 
            8           128           500             0             1         85 49.830322            0 
            8           128           500             0             1         86 49.684204            0 
            8           128           500             0             1         87 50.331177            0 
            8           128           500             0             1         88 50.757324            0 
            8           128           500             0             1         89 50.003296            0 
            8           128           500             0             1         90 50.636230            0 
            8           128           500             0             1         91 50.816162            0 
            8           128           500             0             1         92 50.947266            0 
            8           128           500             0             1         93 50.755127            0 
            8           128           500             0             1         94 51.438110            0 
            8           128           500             0             1         95 50.320190            0 
            8           128           500             0             1         96 49.985107            0 
            8           128           500             0             1         97 50.364258            0 
            8           128           500             0             1         98 50.778198            0 
            8           128           500             0             1         99 50.026245            0 
            8           128           500             0             1        100 49.893311            0 
            8           128           500             0             1        101 49.855225            0 
            8           128           500             0             1        102 50.238281            0 
            8           128           500             0             1        103 50.240234            0 
            8           128           500             0             1        104 50.731201            0 
            8           128           500             0             1        105 50.303223            0 
            8           128           500             0             1        106 51.440186            0 
            8           128           500             0             1        107 50.592285            0 
            8           128           500             0             1        108 49.806274            0 
            8           128           500             0             1        109 49.922363            0 
            8           128           500             0             1        110 51.260254            0 
            8           128           500             0             1        111 50.045410            0 
            8           128           500             0             1        112 50.711304            0 
            8           128           500             0             1        113 50.773071            0 
            8           128           500             0             1        114 50.446167            0 
            8           128           500             0             1        115 49.494263            0 
            8           128           500             0             1        116 50.055298            0 
            8           128           500             0             1        117 50.446289            0 
            8           128           500             0             1        118 50.231323            0 
            8           128           500             0             1        119 50.525391            0 
            8           128           500             0             1        120 50.338257            0 
            8           128           500             0             1        121 49.559204            0 
            8           128           500             0             1        122 49.850342            0 
            8           128           500             0             1        123 49.437378            0 
            8           128           500             0             1        124 48.773438            0 
            8           128           500             0             1        125 50.071289            0 
            8           128           500             0             1        126 50.322266            0 
            8           128           500             0             1        127 48.593506            0 
            8           128           500             0             1        128 50.429199            0 
            8           128           500             0             1        129 50.366211            0 
            8           128           500             0             1        130 51.033203            0 
            8           128           500             0             1        131 50.382324            0 
            8           128           500             0             1        132 50.690308            0 
            8           128           500             0             1        133 49.925293            0 
            8           128           500             0             1        134 50.672363            0 
            8           128           500             0             1        135 49.276367            0 
            8           128           500             0             1        136 50.168213            0 
            8           128           500             0             1        137 50.145264            0 
            8           128           500             0             1        138 50.765259            0 
            8           128           500             0             1        139 49.969360            0 
            8           128           500             0             1        140 50.459229            0 
            8           128           500             0             1        141 50.609375            0 
            8           128           500             0             1        142 50.503174            0 
            8           128           500             0             1        143 50.360352            0 
            8           128           500             0             1        144 50.780273            0 
            8           128           500             0             1        145 50.117310            0 
            8           128           500             0             1        146 48.822388            0 
            8           128           500             0             1        147 50.174194            0 
            8           128           500             0             1        148 49.520386            0 
            8           128           500             0             1        149 49.736328            0 
            8           128           500             0             1        150 49.629150            0 
            8           128           500             0             1        151 49.836304            0 
            8           128           500             0             1        152 49.920288            0 
            8           128           500             0             1        153 50.082275            0 
            8           128           500             0             1        154 50.762085            0 
            8           128           500             0             1        155 50.412109            0 
            8           128           500             0             1        156 49.717285            0 
            8           128           500             0             1        157 50.342285            1 
            8           128           500             0             1        158 51.166260            0 
            8           128           500             0             1        159 50.341309            0 
            8           128           500             0             1        160 49.978149            0 
            8           128           500             0             1        161 50.091187            0 
            8           128           500             0             1        162 50.078369            0 
            8           128           500             0             1        163 50.493286            0 
            8           128           500             0             1        164 50.468262            0 
            8           128           500             0             1        165 50.110229            0 
            8           128           500             0             1        166 49.893311            0 
            8           128           500             0             1        167 49.848145            0 
            8           128           500             0             1        168 50.309204            0 
            8           128           500             0             1        169 50.349243            0 
            8           128           500             0             1        170 50.714233            0 
            8           128           500             0             1        171 50.268188            0 
            8           128           500             0             1        172 50.656128            0 
            8           128           500             0             1        173 50.727173            0 
            8           128           500             0             1        174 49.847290            0 
            8           128           500             0             1        175 50.257324            0 
            8           128           500             0             1        176 50.676147            0 
            8           128           500             0             1        177 49.626343            0 
            8           128           500             0             1        178 50.580200            0 
            8           128           500             0             1        179 50.228271            0 
            8           128           500             0             1        180 50.261108            0 
            8           128           500             0             1        181 50.142212            0 
            8           128           500             0             1        182 50.774170            0 
            8           128           500             0             1        183 50.788330            0 
            8           128           500             0             1        184 49.930298            0 
            8           128           500             0             1        185 50.694336            0 
            8           128           500             0             1        186 50.204346            0 
            8           128           500             0             1        187 49.840454            0 
            8           128           500             0             1        188 50.021118            0 
            8           128           500             0             1        189 50.957153            0 
            8           128           500             0             1        190 50.324219            0 
            8           128           500             0             1        191 50.237305            0 
            8           128           500             0             1        192 50.953247            0 
            8           128           500             0             1        193 49.965210            0 
            8           128           500             0             1        194 50.446289            0 
            8           128           500             0             1        195 49.751343            0 
            8           128           500             0             1        196 49.916260            0 
            8           128           500             0             1        197 50.275269            0 
            8           128           500             0             1        198 50.601196            0 
            8           128           500             0             1        199 49.927246            0 
            8           128           500             0             1        200 49.940186            0 
            8           128           500             0             1        201 50.175293            0 
            8           128           500             0             1        202 50.646240            0 
            8           128           500             0             1        203 49.456299            0 
            8           128           500             0             1        204 49.557251            0 
            8           128           500             0             1        205 50.693359            0 
            8           128           500             0             1        206 50.773193            0 
            8           128           500             0             1        207 49.796265            0 
            8           128           500             0             1        208 51.427246            0 
            8           128           500             0             1        209 49.668335            0 
            8           128           500             0             1        210 51.023193            0 
            8           128           500             0             1        211 50.348389            0 
            8           128           500             0             1        212 50.494263            0 
            8           128           500             0             1        213 49.611328            0 
            8           128           500             0             1        214 49.367310            0 
            8           128           500             0             1        215 50.680176            0 
            8           128           500             0             1        216 50.979370            0 
            8           128           500             0             1        217 50.108154            0 
            8           128           500             0             1        218 50.749268            0 
            8           128           500             0             1        219 51.010254            0 
            8           128           500             0             1        220 50.221313            0 
            8           128           500             0             1        221 50.251221            0 
            8           128           500             0             1        222 50.638184            0 
            8           128           500             0             1        223 49.570312            0 
            8           128           500             0             1        224 50.579346            0 
            8           128           500             0             1        225 49.715332            0 
            8           128           500             0             1        226 50.119263            0 
            8           128           500             0             1        227 49.716187            0 
            8           128           500             0             1        228 50.690308            0 
            8           128           500             0             1        229 49.944214            0 
            8           128           500             0             1        230 50.214355            0 
            8           128           500             0             1        231 49.636353            0 
            8           128           500             0             1        232 50.368286            0 
            8           128           500             0             1        233 49.771484            0 
            8           128           500             0             1        234 50.278320            0 
            8           128           500             0             1        235 50.628174            0 
            8           128           500             0             1        236 50.383179            0 
            8           128           500             0             1        237 49.996338            0 
            8           128           500             0             1        238 50.410156            0 
            8           128           500             0             1        239 51.056030            0 
            8           128           500             0             1        240 50.054321            0 
            8           128           500             0             1        241 49.953247            0 
            8           128           500             0             1        242 50.165283            0 
            8           128           500             0             1        243 49.965210            0 
            8           128           500             0             1        244 50.694214            0 
            8           128           500             0             1        245 50.410156            0 
            8           128           500             0             1        246 50.488281            0 
            8           128           500             0             1        247 49.530273            0 
            8           128           500             0             1        248 50.584229            0 
            8           128           500             0             1        249 49.665283            0 
            8           128           500             0             1        250 49.847290            0 
            8           128           500             0             1        251 50.761108            0 
            8           128           500             0             1        252 49.416382            0 
            8           128           500             0             1        253 49.629272            0 
            8           128           500             0             1        254 49.965332            0 
            8           128           500             0             1        255 50.190308            0 
            8           128           500             0             1        256 50.581055            4 
            8           128           500             0             1        257 50.074219            0 
            8           128           500             0             1        258 50.335205            0 
            8           128           500             0             1        259 49.915283            0 
            8           128           500             0             1        260 50.784180            0 
            8           128           500             0             1        261 50.044312            0 
            8           128           500             0             1        262 49.967285            0 
            8           128           500             0             1        263 50.405273            0 
            8           128           500             0             1        264 49.198486            0 
            8           128           500             0             1        265 50.637207            0 
            8           128           500             0             1        266 50.077148            0 
            8           128           500             0             1        267 49.725342            0 
            8           128           500             0             1        268 49.592285            0 
            8           128           500             0             1        269 50.001343            0 
            8           128           500             0             1        270 50.601196            0 
            8           128           500             0             1        271 49.723389            0 
            8           128           500             0             1        272 50.169312            0 
            8           128           500             0             1        273 50.262207            0 
            8           128           500             0             1        274 50.707153            0 
            8           128           500             0             1        275 50.743286            0 
            8           128           500             0             1        276 50.277222            0 
            8           128           500             0             1        277 50.741211            0 
            8           128           500             0             1        278 50.456177            0 
            8           128           500             0             1        279 49.325439            0 
            8           128           500             0             1        280 50.066284            0 
            8           128           500             0             1        281 50.222290            0 
            8           128           500             0             1        282 50.340210            0 
            8           128           500             0             1        283 49.702148            0 
            8           128           500             0             1        284 50.029175            0 
            8           128           500             0             1        285 50.118164            0 
            8           128           500             0             1        286 50.430176            0 
            8           128           500             0             1        287 50.164307            0 
            8           128           500             0             1        288 50.035156            0 
            8           128           500             0             1        289 50.354248            0 
            8           128           500             0             1        290 50.672241            0 
            8           128           500             0             1        291 50.056274            0 
            8           128           500             0             1        292 50.372437            0 
            8           128           500             0             1        293 49.362427            0 
            8           128           500             0             1        294 50.765137            0 
            8           128           500             0             1        295 50.552246            0 
            8           128           500             0             1        296 50.256226            0 
            8           128           500             0             1        297 50.510254            0 
            8           128           500             0             1        298 50.266357            0 
            8           128           500             0             1        299 49.868286            0 
            8           128           500             0             1        300 48.746338            0 
            8           128           500             0             1        301 50.256226            0 
            8           128           500             0             1        302 49.658325            0 
            8           128           500             0             1        303 49.581299            0 
            8           128           500             0             1        304 49.959229            0 
            8           128           500             0             1        305 49.951294            0 
            8           128           500             0             1        306 50.685303            0 
            8           128           500             0             1        307 50.170288            0 
            8           128           500             0             1        308 49.875366            0 
            8           128           500             0             1        309 50.002319            0 
            8           128           500             0             1        310 49.012329            0 
            8           128           500             0             1        311 49.616333            0 
            8           128           500             0             1        312 50.947998            0 
            8           128           500             0             1        313 50.207275            0 
            8           128           500             0             1        314 50.306274            0 
            8           128           500             0             1        315 50.321289            0 
            8           128           500             0             1        316 49.671387            0 
            8           128           500             0             1        317 50.209229            0 
            8           128           500             0             1        318 50.285278            0 
            8           128           500             0             1        319 49.974243            0 
            8           128           500             0             1        320 49.707397            0 
            8           128           500             0             1        321 49.741211            0 
            8           128           500             0             1        322 50.134277            0 
            8           128           500             0             1        323 50.293213            0 
            8           128           500             0             1        324 50.058228            0 
            8           128           500             0             1        325 50.667236            0 
            8           128           500             0             1        326 51.000244            0 
            8           128           500             0             1        327 50.224243            0 
            8           128           500             0             1        328 51.132202            0 
            8           128           500             0             1        329 50.245361            0 
            8           128           500             0             1        330 50.526123            0 
            8           128           500             0             1        331 50.388306            0 
            8           128           500             0             1        332 49.907227            1 
            8           128           500             0             1        333 50.332275            0 
            8           128           500             0             1        334 50.396118            0 
            8           128           500             0             1        335 50.386230            0 
            8           128           500             0             1        336 49.836304            0 
            8           128           500             0             1        337 50.542358            0 
            8           128           500             0             1        338 50.825317            0 
            8           128           500             0             1        339 50.198120            0 
            8           128           500             0             1        340 53.343140            0 
            8           128           500             0             1        341 50.170410            0 
            8           128           500             0             1        342 50.479248            0 
            8           128           500             0             1        343 48.318481            0 
            8           128           500             0             1        344 50.361206            0 
            8           128           500             0             1        345 50.043335            0 
            8           128           500             0             1        346 49.804321            0 
            8           128           500             0             1        347 49.828369            0 
            8           128           500             0             1        348 49.931152            0 
            8           128           500             0             1        349 50.079224            0 
            8           128           500             0             1        350 49.933228            0 
            8           128           500             0             1        351 49.579346            0 
            8           128           500             0             1        352 50.337280            0 
            8           128           500             0             1        353 49.816406            0 
            8           128           500             0             1        354 50.803223            0 
            8           128           500             0             1        355 50.238281            0 
            8           128           500             0             1        356 49.950317            0 
            8           128           500             0             1        357 50.146240            0 
            8           128           500             0             1        358 49.956421            0 
            8           128           500             0             1        359 50.170288            0 
            8           128           500             0             1        360 49.750244            0 
            8           128           500             0             1        361 49.796387            0 
            8           128           500             0             1        362 50.161255            0 
            8           128           500             0             1        363 50.096436            0 
            8           128           500             0             1        364 49.850342            0 
            8           128           500             0             1        365 49.853271            0 
            8           128           500             0             1        366 50.869263            0 
            8           128           500             0             1        367 49.375366            0 
            8           128           500             0             1        368 49.027222            0 
            8           128           500             0             1        369 50.143433            0 
            8           128           500             0             1        370 49.962280            0 
            8           128           500             0             1        371 50.101318            0 
            8           128           500             0             1        372 49.874268            0 
            8           128           500             0             1        373 49.521118            0 
            8           128           500             0             1        374 50.707275            0 
            8           128           500             0             1        375 50.084229            0 
            8           128           500             0             1        376 49.571289            0 
            8           128           500             0             1        377 49.564331            0 
            8           128           500             0             1        378 51.116211            0 
            8           128           500             0             1        379 50.452148            0 
            8           128           500             0             1        380 49.848145            0 
            8           128           500             0             1        381 50.199219            0 
            8           128           500             0             1        382 50.572266            0 
            8           128           500             0             1        383 49.867188            0 
            8           128           500             0             1        384 49.820190            0 
            8           128           500             0             1        385 50.156372            0 
            8           128           500             0             1        386 48.859375            0 
            8           128           500             0             1        387 49.570312            0 
            8           128           500             0             1        388 50.019287            0 
            8           128           500             0             1        389 50.136230            0 
            8           128           500             0             1        390 50.410278            0 
            8           128           500             0             1        391 49.813354            0 
            8           128           500             0             1        392 50.214355            0 
            8           128           500             0             1        393 49.916260            0 
            8           128           500             0             1        394 51.186035            0 
            8           128           500             0             1        395 49.957275            0 
            8           128           500             0             1        396 50.783203            0 
            8           128           500             0             1        397 50.123291            0 
            8           128           500             0             1        398 50.679321            0 
            8           128           500             0             1        399 49.466309            0 
            8           128           500             0             1        400 51.080200            0 
            8           128           500             0             1        401 50.487305            0 
            8           128           500             0             1        402 50.400269            0 
            8           128           500             0             1        403 49.657349            0 
            8           128           500             0             1        404 50.415161            0 
            8           128           500             0             1        405 98.961792            0 
            8           128           500             0             1        406 50.792236            0 
            8           128           500             0             1        407 50.738159            0 
            8           128           500             0             1        408 50.690186            0 
            8           128           500             0             1        409 49.130371            0 
            8           128           500             0             1        410 50.606201            0 
            8           128           500             0             1        411 50.507324            0 
            8           128           500             0             1        412 49.492188            0 
            8           128           500             0             1        413 50.582275            0 
            8           128           500             0             1        414 50.217285            0 
            8           128           500             0             1        415 49.546387            0 
            8           128           500             0             1        416 50.033325            0 
            8           128           500             0             1        417 50.010132            0 
            8           128           500             0             1        418 50.456299            0 
            8           128           500             0             1        419 49.264282            0 
            8           128           500             0             1        420 50.606079            0 
            8           128           500             0             1        421 50.208252            0 
            8           128           500             0             1        422 50.353271            0 
            8           128           500             0             1        423 50.595337            0 
            8           128           500             0             1        424 50.754272            0 
            8           128           500             0             1        425 50.880127            0 
            8           128           500             0             1        426 51.307251            0 
            8           128           500             0             1        427 50.227295            0 
            8           128           500             0             1        428 49.913208            0 
            8           128           500             0             1        429 50.572266            0 
            8           128           500             0             1        430 49.903442            0 
            8           128           500             0             1        431 50.218384            0 
            8           128           500             0             1        432 50.098267            0 
            8           128           500             0             1        433 50.326294            0 
            8           128           500             0             1        434 50.105347            0 
            8           128           500             0             1        435 50.029297            0 
            8           128           500             0             1        436 49.671265            0 
            8           128           500             0             1        437 49.415283            0 
            8           128           500             0             1        438 49.996338            0 
            8           128           500             0             1        439 50.295288            0 
            8           128           500             0             1        440 50.486206            0 
            8           128           500             0             1        441 50.435303            0 
            8           128           500             0             1        442 50.643311            0 
            8           128           500             0             1        443 50.656250            0 
            8           128           500             0             1        444 50.190308            0 
            8           128           500             0             1        445 50.580200            0 
            8           128           500             0             1        446 50.068237            0 
            8           128           500             0             1        447 49.820312            0 
            8           128           500             0             1        448 50.403198            0 
            8           128           500             0             1        449 49.988159            0 
            8           128           500             0             1        450 50.848267            0 
            8           128           500             0             1        451 50.652222            0 
            8           128           500             0             1        452 49.460205            0 
            8           128           500             0             1        453 50.509155            0 
            8           128           500             0             1        454 50.507324            0 
            8           128           500             0             1        455 49.510376            0 
            8           128           500             0             1        456 50.884155            0 
            8           128           500             0             1        457 49.593262            0 
            8           128           500             0             1        458 51.037231            0 
            8           128           500             0             1        459 49.360229            0 
            8           128           500             0             1        460 50.861206            0 
            8           128           500             0             1        461 49.328247            0 
            8           128           500             0             1        462 50.766357            0 
            8           128           500             0             1        463 49.428223            0 
            8           128           500             0             1        464 50.068237            0 
            8           128           500             0             1        465 49.801270            0 
            8           128           500             0             1        466 50.189209            0 
            8           128           500             0             1        467 49.576294            0 
            8           128           500             0             1        468 50.188354            0 
            8           128           500             0             1        469 49.531250            0 
            8           128           500             0             1        470 50.712280            0 
            8           128           500             0             1        471 49.993286            0 
            8           128           500             0             1        472 51.000244            0 
            8           128           500             0             1        473 49.658325            0 
            8           128           500             0             1        474 50.165161            0 
            8           128           500             0             1        475 50.428223            0 
            8           128           500             0             1        476 50.116211            0 
            8           128           500             0             1        477 50.775269            0 
            8           128           500             0             1        478 50.657349            0 
            8           128           500             0             1        479 49.887329            0 
            8           128           500             0             1        480 50.402222            0 
            8           128           500             0             1        481 50.354248            0 
            8           128           500             0             1        482 50.613281            0 
            8           128           500             0             1        483 49.660278            0 
            8           128           500             0             1        484 50.220215            0 
            8           128           500             0             1        485 50.080200            0 
            8           128           500             0             1        486 49.859375            0 
            8           128           500             0             1        487 48.219482            0 
            8           128           500             0             1        488 50.374390            0 
            8           128           500             0             1        489 51.824341            0 
            8           128           500             0             1        490 49.958130            0 
            8           128           500             0             1        491 50.646118            0 
            8           128           500             0             1        492 49.967407            0 
            8           128           500             0             1        493 50.170166            0 
            8           128           500             0             1        494 50.976074            0 
            8           128           500             0             1        495 50.354248            0 
            8           128           500             0             1        496 49.529175            0 
            8           128           500             0             1        497 49.591309            0 
            8           128           500             0             1        498 50.437134            0 
            8           128           500             0             1        499 50.307251            0 
# Runtime: 2.064669 s (overhead: 0.000291 %) 500 records
