# Execution time and date (UTC): Fri Aug  9 15:25:50 2024
# Execution time and date (local): Fri Aug  9 18:25:50 2024
# MPI execution on rank 0 with 2 processes in world
# Reported time measurements are in microseconds
# pretty output format
     msg_size  window_size         runs   recv_index    num_peers       id         time     overhead 
            8           128           500             0             1          0 79.002441            0 
            8           128           500             0             1          1 73.985962            0 
            8           128           500             0             1          2 76.014648            0 
            8           128           500             0             1          3 73.776855            0 
            8           128           500             0             1          4 75.941772            0 
            8           128           500             0             1          5 76.152588            0 
            8           128           500             0             1          6 73.890991            0 
            8           128           500             0             1          7 73.220947            0 
            8           128           500             0             1          8 74.223999            0 
            8           128           500             0             1          9 75.822876            0 
            8           128           500             0             1         10 73.413940            0 
            8           128           500             0             1         11 75.947876            0 
            8           128           500             0             1         12 74.267822            0 
            8           128           500             0             1         13 74.370850            0 
            8           128           500             0             1         14 75.604858            0 
            8           128           500             0             1         15 77.696533            0 
            8           128           500             0             1         16 74.197876            0 
            8           128           500             0             1         17 75.675659            0 
            8           128           500             0             1         18 75.499634            0 
            8           128           500             0             1         19 74.352905            0 
            8           128           500             0             1         20 75.550781            0 
            8           128           500             0             1         21 75.529785            0 
            8           128           500             0             1         22 74.346802            0 
            8           128           500             0             1         23 75.784668            0 
            8           128           500             0             1         24 73.625977            0 
            8           128           500             0             1         25 74.916992            0 
            8           128           500             0             1         26 76.205566            0 
            8           128           500             0             1         27 74.473877            0 
            8           128           500             0             1         28 76.409790            0 
            8           128           500             0             1         29 76.391602            0 
            8           128           500             0             1         30 74.675781            0 
            8           128           500             0             1         31 75.602783            0 
            8           128           500             0             1         32 75.038818            0 
            8           128           500             0             1         33 74.245972            0 
            8           128           500             0             1         34 76.546631            0 
            8           128           500             0             1         35 74.610840            0 
            8           128           500             0             1         36 74.488892            0 
            8           128           500             0             1         37 76.522705            0 
            8           128           500             0             1         38 77.061646            0 
            8           128           500             0             1         39 73.870972            0 
            8           128           500             0             1         40 75.886719            0 
            8           128           500             0             1         41 75.539795            0 
            8           128           500             0             1         42 74.785889            0 
            8           128           500             0             1         43 76.379639            0 
            8           128           500             0             1         44 73.174072            0 
            8           128           500             0             1         45 75.159912            0 
            8           128           500             0             1         46 74.610840            0 
            8           128           500             0             1         47 76.262573            0 
            8           128           500             0             1         48 74.434814            0 
            8           128           500             0             1         49 76.191772            0 
            8           128           500             0             1         50 76.034668            0 
            8           128           500             0             1         51 74.043823            0 
            8           128           500             0             1         52 76.093750            0 
            8           128           500             0             1         53 81.297363            0 
            8           128           500             0             1         54 74.717896            0 
            8           128           500             0             1         55 75.390625            0 
            8           128           500             0             1         56 76.219727            0 
            8           128           500             0             1         57 73.574829            0 
            8           128           500             0             1         58 74.194946            0 
            8           128           500             0             1         59 74.026855            0 
            8           128           500             0             1         60 75.617676            0 
            8           128           500             0             1         61 76.089722            0 
            8           128           500             0             1         62 74.538818            0 
            8           128           500             0             1         63 74.458740            0 
            8           128           500             0             1         64 74.428955            0 
            8           128           500             0             1         65 76.171753            0 
            8           128           500             0             1         66 75.742798            0 
            8           128           500             0             1         67 75.738892            0 
            8           128           500             0             1         68 74.543945            0 
            8           128           500             0             1         69 74.186890            0 
            8           128           500             0             1         70 74.342896            0 
            8           128           500             0             1         71 75.451782            0 
            8           128           500             0             1         72 73.778809            0 
            8           128           500             0             1         73 74.926758            0 
            8           128           500             0             1         74 73.894897            0 
            8           128           500             0             1         75 76.658813            0 
            8           128           500             0             1         76 74.307861            0 
            8           128           500             0             1         77 74.324829            0 
            8           128           500             0             1         78 76.932617            0 
            8           128           500             0             1         79 74.101929            0 
            8           128           500             0             1         80 74.026855            0 
            8           128           500             0             1         81 73.857910            0 
            8           128           500             0             1         82 75.479736            0 
            8           128           500             0             1         83 73.777954            0 
            8           128           500             0             1         84 73.510010            0 
            8           128           500             0             1         85 74.155884            0 
            8           128           500             0             1         86 76.726685            0 
            8           128           500             0             1         87 75.994751            0 
            8           128           500             0             1         88 76.884644            0 
            8           128           500             0             1         89 74.111694            0 
            8           128           500             0             1         90 75.617798            0 
            8           128           500             0             1         91 73.984985            0 
            8           128           500             0             1         92 75.803833            0 
            8           128           500             0             1         93 74.427002            0 
            8           128           500             0             1         94 76.468872            0 
            8           128           500             0             1         95 74.294922            0 
            8           128           500             0             1         96 76.066772            0 
            8           128           500             0             1         97 74.406860            0 
            8           128           500             0             1         98 75.369629            0 
            8           128           500             0             1         99 74.396729            0 
            8           128           500             0             1        100 75.365723            0 
            8           128           500             0             1        101 74.249878            0 
            8           128           500             0             1        102 75.648926            0 
            8           128           500             0             1        103 73.556885            0 
            8           128           500             0             1        104 75.623779            0 
            8           128           500             0             1        105 74.198853            0 
            8           128           500             0             1        106 74.622925            0 
            8           128           500             0             1        107 75.575806            0 
            8           128           500             0             1        108 75.766602            0 
            8           128           500             0             1        109 76.014648            0 
            8           128           500             0             1        110 76.204712            0 
            8           128           500             0             1        111 74.284912            0 
            8           128           500             0             1        112 75.118896            0 
            8           128           500             0             1        113 74.415771            0 
            8           128           500             0             1        114 73.360962            0 
            8           128           500             0             1        115 75.625732            0 
            8           128           500             0             1        116 89.064819            0 
            8           128           500             0             1        117 74.672852            0 
            8           128           500             0             1        118 74.906982            0 
            8           128           500             0             1        119 74.758789            0 
            8           128           500             0             1        120 73.717773            0 
            8           128           500             0             1        121 76.204712            0 
            8           128           500             0             1        122 73.764893            0 
            8           128           500             0             1        123 74.644897            0 
            8           128           500             0             1        124 74.304932            0 
            8           128           500             0             1        125 73.848877            0 
            8           128           500             0             1        126 75.468628            0 
            8           128           500             0             1        127 75.382812            0 
            8           128           500             0             1        128 76.340820            0 
            8           128           500             0             1        129 75.366821            0 
            8           128           500             0             1        130 75.426880            0 
            8           128           500             0             1        131 76.093750            0 
            8           128           500             0             1        132 74.531860            0 
            8           128           500             0             1        133 75.580688            0 
            8           128           500             0             1        134 74.679932            0 
            8           128           500             0             1        135 73.729004            0 
            8           128           500             0             1        136 75.977661            0 
            8           128           500             0             1        137 75.743774            0 
            8           128           500             0             1        138 74.365967            0 
            8           128           500             0             1        139 75.528687            0 
            8           128           500             0             1        140 74.899780            0 
            8           128           500             0             1        141 75.433838            0 
            8           128           500             0             1        142 74.034790            0 
            8           128           500             0             1        143 74.285889            0 
            8           128           500             0             1        144 74.713867            0 
            8           128           500             0             1        145 76.111816            0 
            8           128           500             0             1        146 74.259888            0 
            8           128           500             0             1        147 74.796875            0 
            8           128           500             0             1        148 74.609741            0 
            8           128           500             0             1        149 75.818726            0 
            8           128           500             0             1        150 75.933716            0 
            8           128           500             0             1        151 75.312744            0 
            8           128           500             0             1        152 76.133667            0 
            8           128           500             0             1        153 74.005005            0 
            8           128           500             0             1        154 75.328735            0 
            8           128           500             0             1        155 73.435913            0 
            8           128           500             0             1        156 73.845947            0 
            8           128           500             0             1        157 74.960815            0 
            8           128           500             0             1        158 74.010864            0 
            8           128           500             0             1        159 74.649902            0 
            8           128           500             0             1        160 74.290894            0 
            8           128           500             0             1        161 76.372681            0 
            8           128           500             0             1        162 74.414917            0 
            8           128           500             0             1        163 75.101807            0 
            8           128           500             0             1        164 74.618896            0 
            8           128           500             0             1        165 74.074829            0 
            8           128           500             0             1        166 74.197754            0 
            8           128           500             0             1        167 73.530884            0 
            8           128           500             0             1        168 73.246948            0 
            8           128           500             0             1        169 74.791870            0 
            8           128           500             0             1        170 74.495850            0 
            8           128           500             0             1        171 77.208740            0 
            8           128           500             0             1        172 75.947754            0 
            8           128           500             0             1        173 75.596680            0 
            8           128           500             0             1        174 75.749756            0 
            8           128           500             0             1        175 75.683716            0 
            8           128           500             0             1        176 73.885986            0 
            8           128           500             0             1        177 73.903931            0 
            8           128           500             0             1        178 75.644897            0 
            8           128           500             0             1        179 74.616943            1 
            8           128           500             0             1        180 74.866821            0 
            8           128           500             0             1        181 74.865723            0 
            8           128           500             0             1        182 74.120850            0 
            8           128           500             0             1        183 76.150635            0 
            8           128           500             0             1        184 77.156738            0 
            8           128           500             0             1        185 76.143799            0 
            8           128           500             0             1        186 73.819946            0 
            8           128           500             0             1        187 73.475830            0 
            8           128           500             0             1        188 73.627930            0 
            8           128           500             0             1        189 75.079834            0 
            8           128           500             0             1        190 74.306885            0 
            8           128           500             0             1        191 74.849731            0 
            8           128           500             0             1        192 75.585815            0 
            8           128           500             0             1        193 74.011963            0 
            8           128           500             0             1        194 76.383667            0 
            8           128           500             0             1        195 73.742920            0 
            8           128           500             0             1        196 75.790649            0 
            8           128           500             0             1        197 75.413940            0 
            8           128           500             0             1        198 73.773926            0 
            8           128           500             0             1        199 76.743652            0 
            8           128           500             0             1        200 74.361816            0 
            8           128           500             0             1        201 74.993896            0 
            8           128           500             0             1        202 74.024902            0 
            8           128           500             0             1        203 75.433838            0 
            8           128           500             0             1        204 73.542969            0 
            8           128           500             0             1        205 73.435059            0 
            8           128           500             0             1        206 73.703979            0 
            8           128           500             0             1        207 73.179077            0 
            8           128           500             0             1        208 75.338989            0 
            8           128           500             0             1        209 74.323730            0 
            8           128           500             0             1        210 75.918701            0 
            8           128           500             0             1        211 73.635010            0 
            8           128           500             0             1        212 75.785645            0 
            8           128           500             0             1        213 74.216919            0 
            8           128           500             0             1        214 74.447876            0 
            8           128           500             0             1        215 75.095825            0 
            8           128           500             0             1        216 74.015869            0 
            8           128           500             0             1        217 74.704834            0 
            8           128           500             0             1        218 76.118652            0 
            8           128           500             0             1        219 73.808960            0 
            8           128           500             0             1        220 76.543823            0 
            8           128           500             0             1        221 75.492798            0 
            8           128           500             0             1        222 74.378906            0 
            8           128           500             0             1        223 73.156982            0 
            8           128           500             0             1        224 75.923706            0 
            8           128           500             0             1        225 75.740723            0 
            8           128           500             0             1        226 77.095703            0 
            8           128           500             0             1        227 75.435669            0 
            8           128           500             0             1        228 74.492798            0 
            8           128           500             0             1        229 73.554932            0 
            8           128           500             0             1        230 74.623901            0 
            8           128           500             0             1        231 74.356934            0 
            8           128           500             0             1        232 75.902710            0 
            8           128           500             0             1        233 75.728760            0 
            8           128           500             0             1        234 75.348877            0 
            8           128           500             0             1        235 73.938965            0 
            8           128           500             0             1        236 76.640747            0 
            8           128           500             0             1        237 73.598877            0 
            8           128           500             0             1        238 73.739014            0 
            8           128           500             0             1        239 76.186768            0 
            8           128           500             0             1        240 74.665771            0 
            8           128           500             0             1        241 75.022705            0 
            8           128           500             0             1        242 75.880859            0 
            8           128           500             0             1        243 73.351929            0 
            8           128           500             0             1        244 76.836670            0 
            8           128           500             0             1        245 74.605957            0 
            8           128           500             0             1        246 76.893677            0 
            8           128           500             0             1        247 76.934692            0 
            8           128           500             0             1        248 74.027832            0 
            8           128           500             0             1        249 73.603882            0 
            8           128           500             0             1        250 75.569702            0 
            8           128           500             0             1        251 74.020874            0 
            8           128           500             0             1        252 75.336792            0 
            8           128           500             0             1        253 75.957642            0 
            8           128           500             0             1        254 74.389893            0 
            8           128           500             0             1        255 75.570679            0 
            8           128           500             0             1        256 75.159912            2 
            8           128           500             0             1        257 75.090820            0 
            8           128           500             0             1        258 73.696899            0 
            8           128           500             0             1        259 74.158936            0 
            8           128           500             0             1        260 76.234741            0 
            8           128           500             0             1        261 73.496948            0 
            8           128           500             0             1        262 74.069946            0 
            8           128           500             0             1        263 75.767822            0 
            8           128           500             0             1        264 74.385864            0 
            8           128           500             0             1        265 74.066895            0 
            8           128           500             0             1        266 75.267822            0 
            8           128           500             0             1        267 73.517944            0 
            8           128           500             0             1        268 74.491821            0 
            8           128           500             0             1        269 75.890747            0 
            8           128           500             0             1        270 74.145874            0 
            8           128           500             0             1        271 73.839844            0 
            8           128           500             0             1        272 74.671875            0 
            8           128           500             0             1        273 75.241821            0 
            8           128           500             0             1        274 73.445801            0 
            8           128           500             0             1        275 74.096924            0 
            8           128           500             0             1        276 76.196655            0 
            8           128           500             0             1        277 75.646729            0 
            8           128           500             0             1        278 74.369873            0 
            8           128           500             0             1        279 74.508911            0 
            8           128           500             0             1        280 75.744873            0 
            8           128           500             0             1        281 75.143799            0 
            8           128           500             0             1        282 76.550659            0 
            8           128           500             0             1        283 73.734985            0 
            8           128           500             0             1        284 75.200806            0 
            8           128           500             0             1        285 76.090698            0 
            8           128           500             0             1        286 76.022827            0 
            8           128           500             0             1        287 74.620728            0 
            8           128           500             0             1        288 76.386597            0 
            8           128           500             0             1        289 73.873901            0 
            8           128           500             0             1        290 74.326782            0 
            8           128           500             0             1        291 74.141968            0 
            8           128           500             0             1        292 75.429810            0 
            8           128           500             0             1        293 73.813843            0 
            8           128           500             0             1        294 75.395752            0 
            8           128           500             0             1        295 73.785767            0 
            8           128           500             0             1        296 75.848755            0 
            8           128           500             0             1        297 75.789673            0 
            8           128           500             0             1        298 76.789795            0 
            8           128           500             0             1        299 75.838745            0 
            8           128           500             0             1        300 74.755737            0 
            8           128           500             0             1        301 77.427612            0 
            8           128           500             0             1        302 74.006958            0 
            8           128           500             0             1        303 75.470947            0 
            8           128           500             0             1        304 75.884766            0 
            8           128           500             0             1        305 74.316895            0 
            8           128           500             0             1        306 73.961914            0 
            8           128           500             0             1        307 73.863892            0 
            8           128           500             0             1        308 77.013672            0 
            8           128           500             0             1        309 76.099731            0 
            8           128           500             0             1        310 74.114990            0 
            8           128           500             0             1        311 75.850708            0 
            8           128           500             0             1        312 74.314697            0 
            8           128           500             0             1        313 74.199829            0 
            8           128           500             0             1        314 75.929932            0 
            8           128           500             0             1        315 75.810913            0 
            8           128           500             0             1        316 73.752930            0 
            8           128           500             0             1        317 75.683838            0 
            8           128           500             0             1        318 74.899780            0 
            8           128           500             0             1        319 73.879028            0 
            8           128           500             0             1        320 75.245850            0 
            8           128           500             0             1        321 74.022827            0 
            8           128           500             0             1        322 73.873047            0 
            8           128           500             0             1        323 76.107788            0 
            8           128           500             0             1        324 75.994751            0 
            8           128           500             0             1        325 75.883789            0 
            8           128           500             0             1        326 74.793823            0 
            8           128           500             0             1        327 76.134766            0 
            8           128           500             0             1        328 76.032837            0 
            8           128           500             0             1        329 74.100952            0 
            8           128           500             0             1        330 76.614624            0 
            8           128           500             0             1        331 75.889771            0 
            8           128           500             0             1        332 74.377930            0 
            8           128           500             0             1        333 74.390869            0 
            8           128           500             0             1        334 75.864746            0 
            8           128           500             0             1        335 74.609863            0 
            8           128           500             0             1        336 76.056763            0 
            8           128           500             0             1        337 75.747803            0 
            8           128           500             0             1        338 74.338745            0 
            8           128           500             0             1        339 75.370728            0 
            8           128           500             0             1        340 74.163940            0 
            8           128           500             0             1        341 76.344604            0 
            8           128           500             0             1        342 75.259644            0 
            8           128           500             0             1        343 75.421753            0 
            8           128           500             0             1        344 75.875732            0 
            8           128           500             0             1        345 74.018799            0 
            8           128           500             0             1        346 75.562744            0 
            8           128           500             0             1        347 75.723877            0 
            8           128           500             0             1        348 74.182861            0 
            8           128           500             0             1        349 74.199951            0 
            8           128           500             0             1        350 75.309814            0 
            8           128           500             0             1        351 73.606934            0 
            8           128           500             0             1        352 75.979858            0 
            8           128           500             0             1        353 74.107788            0 
            8           128           500             0             1        354 75.688721            0 
            8           128           500             0             1        355 74.436890            0 
            8           128           500             0             1        356 75.239746            0 
            8           128           500             0             1        357 76.061768            0 
            8           128           500             0             1        358 74.569824            0 
            8           128           500             0             1        359 74.287842            0 
            8           128           500             0             1        360 75.462769            0 
            8           128           500             0             1        361 73.936890            0 
            8           128           500             0             1        362 75.002808            0 
            8           128           500             0             1        363 76.168823            0 
            8           128           500             0             1        364 76.029785            0 
            8           128           500             0             1        365 75.834839            0 
            8           128           500             0             1        366 74.105835            0 
            8           128           500             0             1        367 75.877808            0 
            8           128           500             0             1        368 73.802856            0 
            8           128           500             0             1        369 74.906860            0 
            8           128           500             0             1        370 75.670776            0 
            8           128           500             0             1        371 74.268799            0 
            8           128           500             0             1        372 74.311768            0 
            8           128           500             0             1        373 74.489746            0 
            8           128           500             0             1        374 74.209717            0 
            8           128           500             0             1        375 74.840820            0 
            8           128           500             0             1        376 74.890991            0 
            8           128           500             0             1        377 76.394653            0 
            8           128           500             0             1        378 76.385742            0 
            8           128           500             0             1        379 73.488892            0 
            8           128           500             0             1        380 76.477661            0 
            8           128           500             0             1        381 75.148682            0 
            8           128           500             0             1        382 76.065796            0 
            8           128           500             0             1        383 74.520874            0 
            8           128           500             0             1        384 76.066650            0 
            8           128           500             0             1        385 74.067871            0 
            8           128           500             0             1        386 74.849731            0 
            8           128           500             0             1        387 74.363892            0 
            8           128           500             0             1        388 76.252808            0 
            8           128           500             0             1        389 73.332764            0 
            8           128           500             0             1        390 75.996704            0 
            8           128           500             0             1        391 76.610596            0 
            8           128           500             0             1        392 74.414795            0 
            8           128           500             0             1        393 74.158813            0 
            8           128           500             0             1        394 73.690918            0 
            8           128           500             0             1        395 75.539795            0 
            8           128           500             0             1        396 75.947754            0 
            8           128           500             0             1        397 78.154663            0 
            8           128           500             0             1        398 76.106812            0 
            8           128           500             0             1        399 73.906860            0 
            8           128           500             0             1        400 75.645752            0 
            8           128           500             0             1        401 73.839844            0 
            8           128           500             0             1        402 74.022827            0 
            8           128           500             0             1        403 73.537842            0 
            8           128           500             0             1        404 74.712891            0 
            8           128           500             0             1        405 74.708740            0 
            8           128           500             0             1        406 75.970825            0 
            8           128           500             0             1        407 75.616821            0 
            8           128           500             0             1        408 74.277954            0 
            8           128           500             0             1        409 74.733765            0 
            8           128           500             0             1        410 74.584717            0 
            8           128           500             0             1        411 74.404907            0 
            8           128           500             0             1        412 76.352783            0 
            8           128           500             0             1        413 73.918823            0 
            8           128           500             0             1        414 76.350830            0 
            8           128           500             0             1        415 78.468628            0 
            8           128           500             0             1        416 76.215698            0 
            8           128           500             0             1        417 74.461914            0 
            8           128           500             0             1        418 76.499634            0 
            8           128           500             0             1        419 74.210815            0 
            8           128           500             0             1        420 75.368774            0 
            8           128           500             0             1        421 75.828857            0 
            8           128           500             0             1        422 76.615723            0 
            8           128           500             0             1        423 73.923950            0 
            8           128           500             0             1        424 74.536743            0 
            8           128           500             0             1        425 75.864746            0 
            8           128           500             0             1        426 74.516846            0 
            8           128           500             0             1        427 73.608887            0 
            8           128           500             0             1        428 76.090698            0 
            8           128           500             0             1        429 74.947876            0 
            8           128           500             0             1        430 75.001831            0 
            8           128           500             0             1        431 74.380859            0 
            8           128           500             0             1        432 73.695923            0 
            8           128           500             0             1        433 74.090942            0 
            8           128           500             0             1        434 74.247803            0 
            8           128           500             0             1        435 75.987793            0 
            8           128           500             0             1        436 74.036743            0 
            8           128           500             0             1        437 76.163818            0 
            8           128           500             0             1        438 73.538086            0 
            8           128           500             0             1        439 73.634766            0 
            8           128           500             0             1        440 75.632812            0 
            8           128           500             0             1        441 76.542847            0 
            8           128           500             0             1        442 76.457642            0 
            8           128           500             0             1        443 74.696777            0 
            8           128           500             0             1        444 74.366821            0 
            8           128           500             0             1        445 73.317871            0 
            8           128           500             0             1        446 74.188843            0 
            8           128           500             0             1        447 75.346802            0 
            8           128           500             0             1        448 74.602905            0 
            8           128           500             0             1        449 76.276733            0 
            8           128           500             0             1        450 76.228760            0 
            8           128           500             0             1        451 74.277832            0 
            8           128           500             0             1        452 74.318848            0 
            8           128           500             0             1        453 74.478882            0 
            8           128           500             0             1        454 74.472900            0 
            8           128           500             0             1        455 74.260986            0 
            8           128           500             0             1        456 74.106812            0 
            8           128           500             0             1        457 73.823853            0 
            8           128           500             0             1        458 74.488892            0 
            8           128           500             0             1        459 74.454834            0 
            8           128           500             0             1        460 75.428711            0 
            8           128           500             0             1        461 75.851807            0 
            8           128           500             0             1        462 74.118896            0 
            8           128           500             0             1        463 75.573730            0 
            8           128           500             0             1        464 76.533691            0 
            8           128           500             0             1        465 75.750854            0 
            8           128           500             0             1        466 74.476929            0 
            8           128           500             0             1        467 74.139771            0 
            8           128           500             0             1        468 76.256714            0 
            8           128           500             0             1        469 75.547852            0 
            8           128           500             0             1        470 74.595947            0 
            8           128           500             0             1        471 75.323730            0 
            8           128           500             0             1        472 74.524902            0 
            8           128           500             0             1        473 75.204834            0 
            8           128           500             0             1        474 75.030762            0 
            8           128           500             0             1        475 75.691650            0 
            8           128           500             0             1        476 74.462891            0 
            8           128           500             0             1        477 75.316772            0 
            8           128           500             0             1        478 75.844849            0 
            8           128           500             0             1        479 75.714844            0 
            8           128           500             0             1        480 76.095825            0 
            8           128           500             0             1        481 74.552856            0 
            8           128           500             0             1        482 76.305664            0 
            8           128           500             0             1        483 74.871826            0 
            8           128           500             0             1        484 75.997803            0 
            8           128           500             0             1        485 74.086914            0 
            8           128           500             0             1        486 75.836914            0 
            8           128           500             0             1        487 74.792725            0 
            8           128           500             0             1        488 75.605835            0 
            8           128           500             0             1        489 73.724976            0 
            8           128           500             0             1        490 73.942871            0 
            8           128           500             0             1        491 76.008667            0 
            8           128           500             0             1        492 73.832886            0 
            8           128           500             0             1        493 75.831665            0 
            8           128           500             0             1        494 73.832764            0 
            8           128           500             0             1        495 73.440918            0 
            8           128           500             0             1        496 75.956787            0 
            8           128           500             0             1        497 73.996948            0 
            8           128           500             0             1        498 76.742676            0 
            8           128           500             0             1        499 74.894775            0 
# Runtime: 1.838932 s (overhead: 0.000163 %) 500 records
