# Execution time and date (UTC): Fri Aug  9 15:22:55 2024
# Execution time and date (local): Fri Aug  9 18:22:55 2024
# MPI execution on rank 0 with 2 processes in world
# Reported time measurements are in microseconds
# pretty output format
     msg_size  window_size         runs   recv_index    num_peers       id         time     overhead 
            8             1           500             0             1          0 16.129883            0 
            8             1           500             0             1          1 10.751221            0 
            8             1           500             0             1          2 10.691162            0 
            8             1           500             0             1          3 10.549316            0 
            8             1           500             0             1          4 10.701294            0 
            8             1           500             0             1          5 10.814209            0 
            8             1           500             0             1          6 10.665161            0 
            8             1           500             0             1          7 10.635254            0 
            8             1           500             0             1          8 9.805420            0 
            8             1           500             0             1          9 9.816406            0 
            8             1           500             0             1         10 9.890259            0 
            8             1           500             0             1         11 9.940430            0 
            8             1           500             0             1         12 10.077271            0 
            8             1           500             0             1         13 9.861328            0 
            8             1           500             0             1         14 9.937378            0 
            8             1           500             0             1         15 10.162231            0 
            8             1           500             0             1         16 9.721436            0 
            8             1           500             0             1         17 9.777344            0 
            8             1           500             0             1         18 9.868164            0 
            8             1           500             0             1         19 10.130371            0 
            8             1           500             0             1         20 9.753296            0 
            8             1           500             0             1         21 9.917236            0 
            8             1           500             0             1         22 9.931274            0 
            8             1           500             0             1         23 9.995239            0 
            8             1           500             0             1         24 9.640381            0 
            8             1           500             0             1         25 9.672363            0 
            8             1           500             0             1         26 9.728271            0 
            8             1           500             0             1         27 10.121338            0 
            8             1           500             0             1         28 9.889282            0 
            8             1           500             0             1         29 9.921265            0 
            8             1           500             0             1         30 9.807373            0 
            8             1           500             0             1         31 10.167358            0 
            8             1           500             0             1         32 10.060303            0 
            8             1           500             0             1         33 10.058350            0 
            8             1           500             0             1         34 9.952393            0 
            8             1           500             0             1         35 10.180298            0 
            8             1           500             0             1         36 9.781372            0 
            8             1           500             0             1         37 9.820312            0 
            8             1           500             0             1         38 9.853394            0 
            8             1           500             0             1         39 10.179443            0 
            8             1           500             0             1         40 9.794312            0 
            8             1           500             0             1         41 9.841431            0 
            8             1           500             0             1         42 9.605347            0 
            8             1           500             0             1         43 9.950317            0 
            8             1           500             0             1         44 9.795288            0 
            8             1           500             0             1         45 9.830322            0 
            8             1           500             0             1         46 9.935425            0 
            8             1           500             0             1         47 9.992188            0 
            8             1           500             0             1         48 9.768311            0 
            8             1           500             0             1         49 9.843262            0 
            8             1           500             0             1         50 9.763428            0 
            8             1           500             0             1         51 9.857422            0 
            8             1           500             0             1         52 9.815308            0 
            8             1           500             0             1         53 9.855225            0 
            8             1           500             0             1         54 9.995361            0 
            8             1           500             0             1         55 10.072388            0 
            8             1           500             0             1         56 10.024292            0 
            8             1           500             0             1         57 9.820190            0 
            8             1           500             0             1         58 9.635254            0 
            8             1           500             0             1         59 9.945312            0 
            8             1           500             0             1         60 9.722412            0 
            8             1           500             0             1         61 9.709229            0 
            8             1           500             0             1         62 9.898315            0 
            8             1           500             0             1         63 9.864380            0 
            8             1           500             0             1         64 10.063232           10 
            8             1           500             0             1         65 9.927368            0 
            8             1           500             0             1         66 9.946289            0 
            8             1           500             0             1         67 10.125366            0 
            8             1           500             0             1         68 9.782471            0 
            8             1           500             0             1         69 9.843262            0 
            8             1           500             0             1         70 9.963379            0 
            8             1           500             0             1         71 10.104370            0 
            8             1           500             0             1         72 9.764404            0 
            8             1           500             0             1         73 9.951416            0 
            8             1           500             0             1         74 9.756348            0 
            8             1           500             0             1         75 10.004272            0 
            8             1           500             0             1         76 9.760376            0 
            8             1           500             0             1         77 9.902222            0 
            8             1           500             0             1         78 9.649414            0 
            8             1           500             0             1         79 10.110352            0 
            8             1           500             0             1         80 9.785278            0 
            8             1           500             0             1         81 10.005371            0 
            8             1           500             0             1         82 9.880371            0 
            8             1           500             0             1         83 10.083252            0 
            8             1           500             0             1         84 9.785278            0 
            8             1           500             0             1         85 9.927368            0 
            8             1           500             0             1         86 9.718262            0 
            8             1           500             0             1         87 9.858398            0 
            8             1           500             0             1         88 10.088257            0 
            8             1           500             0             1         89 9.951172            0 
            8             1           500             0             1         90 9.790405            0 
            8             1           500             0             1         91 10.043335            0 
            8             1           500             0             1         92 9.718384            0 
            8             1           500             0             1         93 9.697388            0 
            8             1           500             0             1         94 9.707520            0 
            8             1           500             0             1         95 10.245361            0 
            8             1           500             0             1         96 9.868408            0 
            8             1           500             0             1         97 10.005371            0 
            8             1           500             0             1         98 9.771484            0 
            8             1           500             0             1         99 10.004272            0 
            8             1           500             0             1        100 10.042358            0 
            8             1           500             0             1        101 10.000244            0 
            8             1           500             0             1        102 9.920410            0 
            8             1           500             0             1        103 10.026367            0 
            8             1           500             0             1        104 9.777222            0 
            8             1           500             0             1        105 9.880371            0 
            8             1           500             0             1        106 9.832397            0 
            8             1           500             0             1        107 9.923340            0 
            8             1           500             0             1        108 9.838379            0 
            8             1           500             0             1        109 9.755249            0 
            8             1           500             0             1        110 9.735352            0 
            8             1           500             0             1        111 9.982300            0 
            8             1           500             0             1        112 10.088257            0 
            8             1           500             0             1        113 9.939331            0 
            8             1           500             0             1        114 9.889282            0 
            8             1           500             0             1        115 10.121338            0 
            8             1           500             0             1        116 9.980347            0 
            8             1           500             0             1        117 9.880249            0 
            8             1           500             0             1        118 9.855225            0 
            8             1           500             0             1        119 10.129395            0 
            8             1           500             0             1        120 9.900146            0 
            8             1           500             0             1        121 9.866211            0 
            8             1           500             0             1        122 9.744385            0 
            8             1           500             0             1        123 10.015259            0 
            8             1           500             0             1        124 9.843384            0 
            8             1           500             0             1        125 9.735229            0 
            8             1           500             0             1        126 9.725220            0 
            8             1           500             0             1        127 10.102295            0 
            8             1           500             0             1        128 9.950317            0 
            8             1           500             0             1        129 9.858276            0 
            8             1           500             0             1        130 9.999268            0 
            8             1           500             0             1        131 10.150391            0 
            8             1           500             0             1        132 9.765381            0 
            8             1           500             0             1        133 9.939209            0 
            8             1           500             0             1        134 9.865234            0 
            8             1           500             0             1        135 10.042358            0 
            8             1           500             0             1        136 9.620361            0 
            8             1           500             0             1        137 9.767334            0 
            8             1           500             0             1        138 9.752197            0 
            8             1           500             0             1        139 9.941284            0 
            8             1           500             0             1        140 9.641235            0 
            8             1           500             0             1        141 9.713257            0 
            8             1           500             0             1        142 9.710327            0 
            8             1           500             0             1        143 9.964233            0 
            8             1           500             0             1        144 9.889282            0 
            8             1           500             0             1        145 10.053345            0 
            8             1           500             0             1        146 10.196289            0 
            8             1           500             0             1        147 10.149414            0 
            8             1           500             0             1        148 9.958374            0 
            8             1           500             0             1        149 10.059326            0 
            8             1           500             0             1        150 9.991211            0 
            8             1           500             0             1        151 10.302368            0 
            8             1           500             0             1        152 10.021362            0 
            8             1           500             0             1        153 9.835327            0 
            8             1           500             0             1        154 9.865356            0 
            8             1           500             0             1        155 9.913208            0 
            8             1           500             0             1        156 9.895264            0 
            8             1           500             0             1        157 9.689331            0 
            8             1           500             0             1        158 9.673218            0 
            8             1           500             0             1        159 9.982300            0 
            8             1           500             0             1        160 9.800415            0 
            8             1           500             0             1        161 9.819214            0 
            8             1           500             0             1        162 10.047363            0 
            8             1           500             0             1        163 10.139282            0 
            8             1           500             0             1        164 9.670166            0 
            8             1           500             0             1        165 9.969238            0 
            8             1           500             0             1        166 9.750488            0 
            8             1           500             0             1        167 10.050415            0 
            8             1           500             0             1        168 9.693481            0 
            8             1           500             0             1        169 9.795288            0 
            8             1           500             0             1        170 9.704346            0 
            8             1           500             0             1        171 9.811401            0 
            8             1           500             0             1        172 9.626343            0 
            8             1           500             0             1        173 9.902344            0 
            8             1           500             0             1        174 9.599365            0 
            8             1           500             0             1        175 10.075317            0 
            8             1           500             0             1        176 9.970215            0 
            8             1           500             0             1        177 9.850220            0 
            8             1           500             0             1        178 9.991333            0 
            8             1           500             0             1        179 10.107300            0 
            8             1           500             0             1        180 9.666382            0 
            8             1           500             0             1        181 9.919312            0 
            8             1           500             0             1        182 9.809204            0 
            8             1           500             0             1        183 9.977295            0 
            8             1           500             0             1        184 9.950317            0 
            8             1           500             0             1        185 9.695435            0 
            8             1           500             0             1        186 9.668335            0 
            8             1           500             0             1        187 9.893311            0 
            8             1           500             0             1        188 9.760254            0 
            8             1           500             0             1        189 9.715332            0 
            8             1           500             0             1        190 9.931396            0 
            8             1           500             0             1        191 9.841431            0 
            8             1           500             0             1        192 9.973389            0 
            8             1           500             0             1        193 9.887451            0 
            8             1           500             0             1        194 9.939453            0 
            8             1           500             0             1        195 10.167236            0 
            8             1           500             0             1        196 9.760498            0 
            8             1           500             0             1        197 9.940430            0 
            8             1           500             0             1        198 9.881348            0 
            8             1           500             0             1        199 9.998291            0 
            8             1           500             0             1        200 9.846313            0 
            8             1           500             0             1        201 9.894409            0 
            8             1           500             0             1        202 9.809326            0 
            8             1           500             0             1        203 9.876465            0 
            8             1           500             0             1        204 9.771240            0 
            8             1           500             0             1        205 9.858276            0 
            8             1           500             0             1        206 9.760498            0 
            8             1           500             0             1        207 10.137329            0 
            8             1           500             0             1        208 9.962280            0 
            8             1           500             0             1        209 9.991333            0 
            8             1           500             0             1        210 9.949341            0 
            8             1           500             0             1        211 10.085327            0 
            8             1           500             0             1        212 9.811401            0 
            8             1           500             0             1        213 9.937256            0 
            8             1           500             0             1        214 9.830322            0 
            8             1           500             0             1        215 10.272217            0 
            8             1           500             0             1        216 9.998413            0 
            8             1           500             0             1        217 9.910400            0 
            8             1           500             0             1        218 9.743408            0 
            8             1           500             0             1        219 9.817383            0 
            8             1           500             0             1        220 9.704346            0 
            8             1           500             0             1        221 10.013306            0 
            8             1           500             0             1        222 9.861328            0 
            8             1           500             0             1        223 9.936279            0 
            8             1           500             0             1        224 9.889282            0 
            8             1           500             0             1        225 9.999268            0 
            8             1           500             0             1        226 9.923340            0 
            8             1           500             0             1        227 10.045288            0 
            8             1           500             0             1        228 9.824341            0 
            8             1           500             0             1        229 9.995361            0 
            8             1           500             0             1        230 9.980347            0 
            8             1           500             0             1        231 9.996338            0 
            8             1           500             0             1        232 9.650391            0 
            8             1           500             0             1        233 9.740356            0 
            8             1           500             0             1        234 9.679321            0 
            8             1           500             0             1        235 9.886353            0 
            8             1           500             0             1        236 9.624268            0 
            8             1           500             0             1        237 9.946411            0 
            8             1           500             0             1        238 9.796387            0 
            8             1           500             0             1        239 10.035400            0 
            8             1           500             0             1        240 9.937378            0 
            8             1           500             0             1        241 9.822266            0 
            8             1           500             0             1        242 9.751221            0 
            8             1           500             0             1        243 10.005371            0 
            8             1           500             0             1        244 10.035278            0 
            8             1           500             0             1        245 10.069336            0 
            8             1           500             0             1        246 9.873291            0 
            8             1           500             0             1        247 10.176392            0 
            8             1           500             0             1        248 9.760254            0 
            8             1           500             0             1        249 9.659302            0 
            8             1           500             0             1        250 9.705322            0 
            8             1           500             0             1        251 9.916260            0 
            8             1           500             0             1        252 9.733154            0 
            8             1           500             0             1        253 9.651367            0 
            8             1           500             0             1        254 9.793457            0 
            8             1           500             0             1        255 10.035278            0 
            8             1           500             0             1        256 9.993286            0 
            8             1           500             0             1        257 9.747192            0 
            8             1           500             0             1        258 9.856323            0 
            8             1           500             0             1        259 9.983276            0 
            8             1           500             0             1        260 9.695312            0 
            8             1           500             0             1        261 9.706177            0 
            8             1           500             0             1        262 9.901367            0 
            8             1           500             0             1        263 10.005371            0 
            8             1           500             0             1        264 9.803345            0 
            8             1           500             0             1        265 9.698364            0 
            8             1           500             0             1        266 9.793457            0 
            8             1           500             0             1        267 9.915405            0 
            8             1           500             0             1        268 9.729370            0 
            8             1           500             0             1        269 9.758301            0 
            8             1           500             0             1        270 9.812378            0 
            8             1           500             0             1        271 10.106323            0 
            8             1           500             0             1        272 9.784302            0 
            8             1           500             0             1        273 9.740356            0 
            8             1           500             0             1        274 9.760376            0 
            8             1           500             0             1        275 10.009277            0 
            8             1           500             0             1        276 9.729248            0 
            8             1           500             0             1        277 9.691406            0 
            8             1           500             0             1        278 9.817261            0 
            8             1           500             0             1        279 9.943359            0 
            8             1           500             0             1        280 9.664307            0 
            8             1           500             0             1        281 9.839233            0 
            8             1           500             0             1        282 9.795410            0 
            8             1           500             0             1        283 9.981323            0 
            8             1           500             0             1        284 9.623291            0 
            8             1           500             0             1        285 9.734253            0 
            8             1           500             0             1        286 9.882324            0 
            8             1           500             0             1        287 10.075317            0 
            8             1           500             0             1        288 9.609375            0 
            8             1           500             0             1        289 9.598389            0 
            8             1           500             0             1        290 9.758301            0 
            8             1           500             0             1        291 9.991333            0 
            8             1           500             0             1        292 9.735352            0 
            8             1           500             0             1        293 9.881348            0 
            8             1           500             0             1        294 9.837280            0 
            8             1           500             0             1        295 10.018311            0 
            8             1           500             0             1        296 9.605347            0 
            8             1           500             0             1        297 9.774292            0 
            8             1           500             0             1        298 10.055176            0 
            8             1           500             0             1        299 9.882446            0 
            8             1           500             0             1        300 9.784180            0 
            8             1           500             0             1        301 9.869385            0 
            8             1           500             0             1        302 9.761230            0 
            8             1           500             0             1        303 10.001343            0 
            8             1           500             0             1        304 9.697266            0 
            8             1           500             0             1        305 9.693359            0 
            8             1           500             0             1        306 9.636230            0 
            8             1           500             0             1        307 9.868286            0 
            8             1           500             0             1        308 9.771362            0 
            8             1           500             0             1        309 9.741333            0 
            8             1           500             0             1        310 9.669312            0 
            8             1           500             0             1        311 9.994385            0 
            8             1           500             0             1        312 9.703369            0 
            8             1           500             0             1        313 9.785278            0 
            8             1           500             0             1        314 9.635376            0 
            8             1           500             0             1        315 10.020264            0 
            8             1           500             0             1        316 9.716187            0 
            8             1           500             0             1        317 9.766479            0 
            8             1           500             0             1        318 9.894409            0 
            8             1           500             0             1        319 10.097412            0 
            8             1           500             0             1        320 9.984375            0 
            8             1           500             0             1        321 9.976440            0 
            8             1           500             0             1        322 9.933228            0 
            8             1           500             0             1        323 9.868408            0 
            8             1           500             0             1        324 9.875366            0 
            8             1           500             0             1        325 9.963379            0 
            8             1           500             0             1        326 9.774292            0 
            8             1           500             0             1        327 9.968262            0 
            8             1           500             0             1        328 10.013306            0 
            8             1           500             0             1        329 9.928467            0 
            8             1           500             0             1        330 9.921387            0 
            8             1           500             0             1        331 10.049316            0 
            8             1           500             0             1        332 9.834229            0 
            8             1           500             0             1        333 9.931396            0 
            8             1           500             0             1        334 9.795410            0 
            8             1           500             0             1        335 10.212280            0 
            8             1           500             0             1        336 9.802368            0 
            8             1           500             0             1        337 9.841309            0 
            8             1           500             0             1        338 9.898438            0 
            8             1           500             0             1        339 9.885254            0 
            8             1           500             0             1        340 9.770386            0 
            8             1           500             0             1        341 9.769287            0 
            8             1           500             0             1        342 9.781372            0 
            8             1           500             0             1        343 9.817261            0 
            8             1           500             0             1        344 10.094238            0 
            8             1           500             0             1        345 10.040405            0 
            8             1           500             0             1        346 9.836304            0 
            8             1           500             0             1        347 9.893188            0 
            8             1           500             0             1        348 9.754272            0 
            8             1           500             0             1        349 9.837402            0 
            8             1           500             0             1        350 9.819336            0 
            8             1           500             0             1        351 10.204224            0 
            8             1           500             0             1        352 9.763306            0 
            8             1           500             0             1        353 20.303589            0 
            8             1           500             0             1        354 9.883301            0 
            8             1           500             0             1        355 9.842285            0 
            8             1           500             0             1        356 9.849243            0 
            8             1           500             0             1        357 9.872314            0 
            8             1           500             0             1        358 9.874390            0 
            8             1           500             0             1        359 10.247314            0 
            8             1           500             0             1        360 9.623413            0 
            8             1           500             0             1        361 9.830322            0 
            8             1           500             0             1        362 9.947388            0 
            8             1           500             0             1        363 9.955200            0 
            8             1           500             0             1        364 9.856323            0 
            8             1           500             0             1        365 9.849365            0 
            8             1           500             0             1        366 9.738281            0 
            8             1           500             0             1        367 10.003418            0 
            8             1           500             0             1        368 9.769409            0 
            8             1           500             0             1        369 9.807373            0 
            8             1           500             0             1        370 9.939331            0 
            8             1           500             0             1        371 10.018311            0 
            8             1           500             0             1        372 10.089355            0 
            8             1           500             0             1        373 9.826294            0 
            8             1           500             0             1        374 9.718384            0 
            8             1           500             0             1        375 10.175415            0 
            8             1           500             0             1        376 9.799316            0 
            8             1           500             0             1        377 9.951416            0 
            8             1           500             0             1        378 10.045410            0 
            8             1           500             0             1        379 9.876465            0 
            8             1           500             0             1        380 12.186157            0 
            8             1           500             0             1        381 9.827271            0 
            8             1           500             0             1        382 9.953247            0 
            8             1           500             0             1        383 10.239380            0 
            8             1           500             0             1        384 9.884399            0 
            8             1           500             0             1        385 9.895386            0 
            8             1           500             0             1        386 10.056152            0 
            8             1           500             0             1        387 9.991333            0 
            8             1           500             0             1        388 9.959351            0 
            8             1           500             0             1        389 9.969238            0 
            8             1           500             0             1        390 9.919312            0 
            8             1           500             0             1        391 10.187256            0 
            8             1           500             0             1        392 9.671387            0 
            8             1           500             0             1        393 9.794434            0 
            8             1           500             0             1        394 9.654419            0 
            8             1           500             0             1        395 9.810303            0 
            8             1           500             0             1        396 9.969238            0 
            8             1           500             0             1        397 9.851318            0 
            8             1           500             0             1        398 9.730347            0 
            8             1           500             0             1        399 10.099243            0 
            8             1           500             0             1        400 9.655273            0 
            8             1           500             0             1        401 9.754272            0 
            8             1           500             0             1        402 9.771362            0 
            8             1           500             0             1        403 9.900269            0 
            8             1           500             0             1        404 9.758301            0 
            8             1           500             0             1        405 9.753296            0 
            8             1           500             0             1        406 9.876221            0 
            8             1           500             0             1        407 10.159180            0 
            8             1           500             0             1        408 9.839233            0 
            8             1           500             0             1        409 12.223145            0 
            8             1           500             0             1        410 9.839355            0 
            8             1           500             0             1        411 9.759277            0 
            8             1           500             0             1        412 9.625488            0 
            8             1           500             0             1        413 9.702393            0 
            8             1           500             0             1        414 9.776245            0 
            8             1           500             0             1        415 10.030396            0 
            8             1           500             0             1        416 9.928345            0 
            8             1           500             0             1        417 9.967407            0 
            8             1           500             0             1        418 9.911255            0 
            8             1           500             0             1        419 10.143433            0 
            8             1           500             0             1        420 9.688354            0 
            8             1           500             0             1        421 9.820435            0 
            8             1           500             0             1        422 9.793335            0 
            8             1           500             0             1        423 9.934326            0 
            8             1           500             0             1        424 9.933472            0 
            8             1           500             0             1        425 9.804443            0 
            8             1           500             0             1        426 9.725220            0 
            8             1           500             0             1        427 10.002441            0 
            8             1           500             0             1        428 9.713257            0 
            8             1           500             0             1        429 9.788330            0 
            8             1           500             0             1        430 9.546387            0 
            8             1           500             0             1        431 9.985229            0 
            8             1           500             0             1        432 9.755371            0 
            8             1           500             0             1        433 9.930176            0 
            8             1           500             0             1        434 9.721436            0 
            8             1           500             0             1        435 10.093262            0 
            8             1           500             0             1        436 9.731323            0 
            8             1           500             0             1        437 9.747314            0 
            8             1           500             0             1        438 9.578369            0 
            8             1           500             0             1        439 10.022339            0 
            8             1           500             0             1        440 10.002319            0 
            8             1           500             0             1        441 9.778320            0 
            8             1           500             0             1        442 9.930176            0 
            8             1           500             0             1        443 9.835327            0 
            8             1           500             0             1        444 9.644287            0 
            8             1           500             0             1        445 9.700317            0 
            8             1           500             0             1        446 9.928345            0 
            8             1           500             0             1        447 10.116455            0 
            8             1           500             0             1        448 9.871216            0 
            8             1           500             0             1        449 9.881348            0 
            8             1           500             0             1        450 9.820312            0 
            8             1           500             0             1        451 9.972290            0 
            8             1           500             0             1        452 9.857300            0 
            8             1           500             0             1        453 9.930298            0 
            8             1           500             0             1        454 9.947266            0 
            8             1           500             0             1        455 10.081421            0 
            8             1           500             0             1        456 9.940430            0 
            8             1           500             0             1        457 9.761353            0 
            8             1           500             0             1        458 9.766357            0 
            8             1           500             0             1        459 9.917236            0 
            8             1           500             0             1        460 10.032349            0 
            8             1           500             0             1        461 9.967163            0 
            8             1           500             0             1        462 9.798340            0 
            8             1           500             0             1        463 10.264282            0 
            8             1           500             0             1        464 9.723511            0 
            8             1           500             0             1        465 9.853271            0 
            8             1           500             0             1        466 9.821411            0 
            8             1           500             0             1        467 12.961060            0 
            8             1           500             0             1        468 10.092285            0 
            8             1           500             0             1        469 9.941406            0 
            8             1           500             0             1        470 9.997192            0 
            8             1           500             0             1        471 10.372192            0 
            8             1           500             0             1        472 9.848389            0 
            8             1           500             0             1        473 9.852295            0 
            8             1           500             0             1        474 9.851318            0 
            8             1           500             0             1        475 9.790527            0 
            8             1           500             0             1        476 9.700439            0 
            8             1           500             0             1        477 9.837402            0 
            8             1           500             0             1        478 9.790283            0 
            8             1           500             0             1        479 10.231201            0 
            8             1           500             0             1        480 9.813354            0 
            8             1           500             0             1        481 9.765381            0 
            8             1           500             0             1        482 9.692261            0 
            8             1           500             0             1        483 10.047363            0 
            8             1           500             0             1        484 9.893311            0 
            8             1           500             0             1        485 9.971313            0 
            8             1           500             0             1        486 9.987305            0 
            8             1           500             0             1        487 10.029175            0 
            8             1           500             0             1        488 9.757446            0 
            8             1           500             0             1        489 9.807251            0 
            8             1           500             0             1        490 9.752197            0 
            8             1           500             0             1        491 9.712280            0 
            8             1           500             0             1        492 9.828247            0 
            8             1           500             0             1        493 9.819336            0 
            8             1           500             0             1        494 9.721313            0 
            8             1           500             0             1        495 10.013306            0 
            8             1           500             0             1        496 9.876343            0 
            8             1           500             0             1        497 9.842407            0 
            8             1           500             0             1        498 9.801392            0 
            8             1           500             0             1        499 9.831299            0 
# Runtime: 0.054623 s (overhead: 0.018307 %) 500 records
