# Execution time and date (UTC): Fri Aug  9 15:21:39 2024
# Execution time and date (local): Fri Aug  9 18:21:39 2024
# MPI execution on rank 0 with 2 processes in world
# Reported time measurements are in microseconds
# pretty output format
     msg_size  window_size         runs   recv_index    num_peers       id         time     overhead 
            8             1           500             0             1          0 14.217041            0 
            8             1           500             0             1          1 10.319458            0 
            8             1           500             0             1          2 10.318237            0 
            8             1           500             0             1          3 10.086426            0 
            8             1           500             0             1          4 9.774292            0 
            8             1           500             0             1          5 10.145386            0 
            8             1           500             0             1          6 9.930298            0 
            8             1           500             0             1          7 9.874268            0 
            8             1           500             0             1          8 9.854370            0 
            8             1           500             0             1          9 10.070312            0 
            8             1           500             0             1         10 9.966309            0 
            8             1           500             0             1         11 9.887329            0 
            8             1           500             0             1         12 10.026367            0 
            8             1           500             0             1         13 9.910278            0 
            8             1           500             0             1         14 9.939331            0 
            8             1           500             0             1         15 10.049438            0 
            8             1           500             0             1         16 9.724365            0 
            8             1           500             0             1         17 9.770386            0 
            8             1           500             0             1         18 9.743408            0 
            8             1           500             0             1         19 9.971313            0 
            8             1           500             0             1         20 9.876343            0 
            8             1           500             0             1         21 9.986450            0 
            8             1           500             0             1         22 9.637329            0 
            8             1           500             0             1         23 10.023315            0 
            8             1           500             0             1         24 9.726318            0 
            8             1           500             0             1         25 9.951416            0 
            8             1           500             0             1         26 9.871338            0 
            8             1           500             0             1         27 10.179321            0 
            8             1           500             0             1         28 9.871338            0 
            8             1           500             0             1         29 9.956299            0 
            8             1           500             0             1         30 9.798340            0 
            8             1           500             0             1         31 9.995239            0 
            8             1           500             0             1         32 9.747314            0 
            8             1           500             0             1         33 9.785278            0 
            8             1           500             0             1         34 9.721313            0 
            8             1           500             0             1         35 9.993286            0 
            8             1           500             0             1         36 9.661255            0 
            8             1           500             0             1         37 9.742310            0 
            8             1           500             0             1         38 9.576294            0 
            8             1           500             0             1         39 9.851318            0 
            8             1           500             0             1         40 10.092285            0 
            8             1           500             0             1         41 10.168335            0 
            8             1           500             0             1         42 10.192261            0 
            8             1           500             0             1         43 10.096313            0 
            8             1           500             0             1         44 9.902100            0 
            8             1           500             0             1         45 9.736450            0 
            8             1           500             0             1         46 9.906250            0 
            8             1           500             0             1         47 9.931396            0 
            8             1           500             0             1         48 9.637329            0 
            8             1           500             0             1         49 10.010254            0 
            8             1           500             0             1         50 9.715454            0 
            8             1           500             0             1         51 10.051147            0 
            8             1           500             0             1         52 9.649414            0 
            8             1           500             0             1         53 9.878418            0 
            8             1           500             0             1         54 9.557373            0 
            8             1           500             0             1         55 10.209351            0 
            8             1           500             0             1         56 10.093262            0 
            8             1           500             0             1         57 10.183105            0 
            8             1           500             0             1         58 9.885254            0 
            8             1           500             0             1         59 9.967407            0 
            8             1           500             0             1         60 9.747314            0 
            8             1           500             0             1         61 11.689087            0 
            8             1           500             0             1         62 9.752319            0 
            8             1           500             0             1         63 10.066284            0 
            8             1           500             0             1         64 9.840332            9 
            8             1           500             0             1         65 10.097290            0 
            8             1           500             0             1         66 9.609375            0 
            8             1           500             0             1         67 9.853271            0 
            8             1           500             0             1         68 9.791260            0 
            8             1           500             0             1         69 9.759399            0 
            8             1           500             0             1         70 9.665405            0 
            8             1           500             0             1         71 9.911377            0 
            8             1           500             0             1         72 9.869263            0 
            8             1           500             0             1         73 9.887451            0 
            8             1           500             0             1         74 9.952393            0 
            8             1           500             0             1         75 9.937378            0 
            8             1           500             0             1         76 9.899292            0 
            8             1           500             0             1         77 9.819336            0 
            8             1           500             0             1         78 10.045410            0 
            8             1           500             0             1         79 9.960205            0 
            8             1           500             0             1         80 9.671387            0 
            8             1           500             0             1         81 9.972290            0 
            8             1           500             0             1         82 9.978271            0 
            8             1           500             0             1         83 9.976318            0 
            8             1           500             0             1         84 9.612183            0 
            8             1           500             0             1         85 9.984253            0 
            8             1           500             0             1         86 9.920288            0 
            8             1           500             0             1         87 9.953369            0 
            8             1           500             0             1         88 9.970215            0 
            8             1           500             0             1         89 9.997437            0 
            8             1           500             0             1         90 9.761230            0 
            8             1           500             0             1         91 10.016235            0 
            8             1           500             0             1         92 9.752197            0 
            8             1           500             0             1         93 9.904297            0 
            8             1           500             0             1         94 9.772339            0 
            8             1           500             0             1         95 10.120239            0 
            8             1           500             0             1         96 9.784424            0 
            8             1           500             0             1         97 9.866333            0 
            8             1           500             0             1         98 9.776367            0 
            8             1           500             0             1         99 9.913330            0 
            8             1           500             0             1        100 9.672363            0 
            8             1           500             0             1        101 9.802124            0 
            8             1           500             0             1        102 9.993286            0 
            8             1           500             0             1        103 9.832275            0 
            8             1           500             0             1        104 9.822388            0 
            8             1           500             0             1        105 10.031250            0 
            8             1           500             0             1        106 9.997314            0 
            8             1           500             0             1        107 10.018433            0 
            8             1           500             0             1        108 9.764404            0 
            8             1           500             0             1        109 9.883301            0 
            8             1           500             0             1        110 9.913330            0 
            8             1           500             0             1        111 9.865356            0 
            8             1           500             0             1        112 9.677246            0 
            8             1           500             0             1        113 10.180298            0 
            8             1           500             0             1        114 9.810303            0 
            8             1           500             0             1        115 10.025269            0 
            8             1           500             0             1        116 9.787476            0 
            8             1           500             0             1        117 10.022217            0 
            8             1           500             0             1        118 9.554199            0 
            8             1           500             0             1        119 9.951416            0 
            8             1           500             0             1        120 9.804321            0 
            8             1           500             0             1        121 10.025391            0 
            8             1           500             0             1        122 9.829346            0 
            8             1           500             0             1        123 10.159302            0 
            8             1           500             0             1        124 9.774414            0 
            8             1           500             0             1        125 9.926392            0 
            8             1           500             0             1        126 9.837280            0 
            8             1           500             0             1        127 10.011230            0 
            8             1           500             0             1        128 9.961304            0 
            8             1           500             0             1        129 10.220215            0 
            8             1           500             0             1        130 9.994385            0 
            8             1           500             0             1        131 9.968384            0 
            8             1           500             0             1        132 9.971313            0 
            8             1           500             0             1        133 9.837402            0 
            8             1           500             0             1        134 9.894287            0 
            8             1           500             0             1        135 10.155273            0 
            8             1           500             0             1        136 9.798340            0 
            8             1           500             0             1        137 9.660278            0 
            8             1           500             0             1        138 9.823364            0 
            8             1           500             0             1        139 9.791382            0 
            8             1           500             0             1        140 9.822388            0 
            8             1           500             0             1        141 9.855225            0 
            8             1           500             0             1        142 9.883301            0 
            8             1           500             0             1        143 9.848267            0 
            8             1           500             0             1        144 9.764404            0 
            8             1           500             0             1        145 10.094238            0 
            8             1           500             0             1        146 9.907349            0 
            8             1           500             0             1        147 10.011353            0 
            8             1           500             0             1        148 9.879272            0 
            8             1           500             0             1        149 10.049194            0 
            8             1           500             0             1        150 10.056396            0 
            8             1           500             0             1        151 10.201294            0 
            8             1           500             0             1        152 9.734375            0 
            8             1           500             0             1        153 9.870239            0 
            8             1           500             0             1        154 9.693237            0 
            8             1           500             0             1        155 10.004272            0 
            8             1           500             0             1        156 9.692383            0 
            8             1           500             0             1        157 9.932373            0 
            8             1           500             0             1        158 9.691284            0 
            8             1           500             0             1        159 9.929321            0 
            8             1           500             0             1        160 9.754395            0 
            8             1           500             0             1        161 9.861450            0 
            8             1           500             0             1        162 9.755249            0 
            8             1           500             0             1        163 10.088257            0 
            8             1           500             0             1        164 9.998291            0 
            8             1           500             0             1        165 9.913330            0 
            8             1           500             0             1        166 9.874512            0 
            8             1           500             0             1        167 10.085327            0 
            8             1           500             0             1        168 9.633301            0 
            8             1           500             0             1        169 9.795288            0 
            8             1           500             0             1        170 9.870361            0 
            8             1           500             0             1        171 9.856323            0 
            8             1           500             0             1        172 9.831299            0 
            8             1           500             0             1        173 9.859375            0 
            8             1           500             0             1        174 9.550415            0 
            8             1           500             0             1        175 9.820312            0 
            8             1           500             0             1        176 9.905396            0 
            8             1           500             0             1        177 10.085327            0 
            8             1           500             0             1        178 10.021240            0 
            8             1           500             0             1        179 10.093262            0 
            8             1           500             0             1        180 9.946411            0 
            8             1           500             0             1        181 9.954346            0 
            8             1           500             0             1        182 10.049194            0 
            8             1           500             0             1        183 9.945312            0 
            8             1           500             0             1        184 9.622192            0 
            8             1           500             0             1        185 9.868286            0 
            8             1           500             0             1        186 9.672241            0 
            8             1           500             0             1        187 10.110229            0 
            8             1           500             0             1        188 9.690430            0 
            8             1           500             0             1        189 9.982422            0 
            8             1           500             0             1        190 9.730347            0 
            8             1           500             0             1        191 9.876343            0 
            8             1           500             0             1        192 10.079224            0 
            8             1           500             0             1        193 9.872314            0 
            8             1           500             0             1        194 9.747314            0 
            8             1           500             0             1        195 10.003296            0 
            8             1           500             0             1        196 9.951294            0 
            8             1           500             0             1        197 9.824341            0 
            8             1           500             0             1        198 9.798340            0 
            8             1           500             0             1        199 10.077271            0 
            8             1           500             0             1        200 9.736450            0 
            8             1           500             0             1        201 9.716309            0 
            8             1           500             0             1        202 9.788208            0 
            8             1           500             0             1        203 10.181396            0 
            8             1           500             0             1        204 9.832275            0 
            8             1           500             0             1        205 9.825317            0 
            8             1           500             0             1        206 9.600342            0 
            8             1           500             0             1        207 9.891357            0 
            8             1           500             0             1        208 9.761353            0 
            8             1           500             0             1        209 10.028320            0 
            8             1           500             0             1        210 9.896362            0 
            8             1           500             0             1        211 10.326294            0 
            8             1           500             0             1        212 9.793213            0 
            8             1           500             0             1        213 10.039185            0 
            8             1           500             0             1        214 10.053223            0 
            8             1           500             0             1        215 10.129272            0 
            8             1           500             0             1        216 9.702393            0 
            8             1           500             0             1        217 9.805298            0 
            8             1           500             0             1        218 9.768311            0 
            8             1           500             0             1        219 9.959351            0 
            8             1           500             0             1        220 9.798462            0 
            8             1           500             0             1        221 9.841431            0 
            8             1           500             0             1        222 9.793335            0 
            8             1           500             0             1        223 9.980347            0 
            8             1           500             0             1        224 9.732300            0 
            8             1           500             0             1        225 9.959229            0 
            8             1           500             0             1        226 10.091309            0 
            8             1           500             0             1        227 10.057251            0 
            8             1           500             0             1        228 9.675415            0 
            8             1           500             0             1        229 9.845337            0 
            8             1           500             0             1        230 9.675293            0 
            8             1           500             0             1        231 10.006348            0 
            8             1           500             0             1        232 9.784424            0 
            8             1           500             0             1        233 10.005249            0 
            8             1           500             0             1        234 10.053345            0 
            8             1           500             0             1        235 10.146240            0 
            8             1           500             0             1        236 9.740356            0 
            8             1           500             0             1        237 9.858398            0 
            8             1           500             0             1        238 9.769287            0 
            8             1           500             0             1        239 10.144287            0 
            8             1           500             0             1        240 9.964111            0 
            8             1           500             0             1        241 10.117310            0 
            8             1           500             0             1        242 9.767334            0 
            8             1           500             0             1        243 10.115356            0 
            8             1           500             0             1        244 9.729370            0 
            8             1           500             0             1        245 9.923462            0 
            8             1           500             0             1        246 9.978271            0 
            8             1           500             0             1        247 10.001221            0 
            8             1           500             0             1        248 10.011475            0 
            8             1           500             0             1        249 9.837280            0 
            8             1           500             0             1        250 9.754272            0 
            8             1           500             0             1        251 9.925415            0 
            8             1           500             0             1        252 9.654419            0 
            8             1           500             0             1        253 9.803345            0 
            8             1           500             0             1        254 9.609497            0 
            8             1           500             0             1        255 9.999268            0 
            8             1           500             0             1        256 10.186401            0 
            8             1           500             0             1        257 9.817383            0 
            8             1           500             0             1        258 9.748413            0 
            8             1           500             0             1        259 10.055298            0 
            8             1           500             0             1        260 9.896362            0 
            8             1           500             0             1        261 10.168213            0 
            8             1           500             0             1        262 9.833252            0 
            8             1           500             0             1        263 9.919312            0 
            8             1           500             0             1        264 9.777222            0 
            8             1           500             0             1        265 9.838379            0 
            8             1           500             0             1        266 9.653320            0 
            8             1           500             0             1        267 9.945312            0 
            8             1           500             0             1        268 9.754395            0 
            8             1           500             0             1        269 9.766235            0 
            8             1           500             0             1        270 9.945312            0 
            8             1           500             0             1        271 9.800415            0 
            8             1           500             0             1        272 9.792358            0 
            8             1           500             0             1        273 10.033325            0 
            8             1           500             0             1        274 9.686401            0 
            8             1           500             0             1        275 10.087280            0 
            8             1           500             0             1        276 9.751343            0 
            8             1           500             0             1        277 10.154297            0 
            8             1           500             0             1        278 10.035278            0 
            8             1           500             0             1        279 10.049316            0 
            8             1           500             0             1        280 9.627197            0 
            8             1           500             0             1        281 9.975342            0 
            8             1           500             0             1        282 9.714478            0 
            8             1           500             0             1        283 9.930298            0 
            8             1           500             0             1        284 9.778320            0 
            8             1           500             0             1        285 9.849243            0 
            8             1           500             0             1        286 9.730347            0 
            8             1           500             0             1        287 9.838379            0 
            8             1           500             0             1        288 9.663452            0 
            8             1           500             0             1        289 9.896362            0 
            8             1           500             0             1        290 9.734375            0 
            8             1           500             0             1        291 10.025269            0 
            8             1           500             0             1        292 9.839355            0 
            8             1           500             0             1        293 10.084229            0 
            8             1           500             0             1        294 9.770264            0 
            8             1           500             0             1        295 10.000244            0 
            8             1           500             0             1        296 9.793457            0 
            8             1           500             0             1        297 9.843384            0 
            8             1           500             0             1        298 9.602295            0 
            8             1           500             0             1        299 9.953247            0 
            8             1           500             0             1        300 9.767334            0 
            8             1           500             0             1        301 9.934326            0 
            8             1           500             0             1        302 10.004272            0 
            8             1           500             0             1        303 9.840332            0 
            8             1           500             0             1        304 9.847290            0 
            8             1           500             0             1        305 10.091309            0 
            8             1           500             0             1        306 9.670288            0 
            8             1           500             0             1        307 10.155273            0 
            8             1           500             0             1        308 9.772217            0 
            8             1           500             0             1        309 10.036255            0 
            8             1           500             0             1        310 9.705200            0 
            8             1           500             0             1        311 9.954346            0 
            8             1           500             0             1        312 9.722290            0 
            8             1           500             0             1        313 9.850342            0 
            8             1           500             0             1        314 9.693481            0 
            8             1           500             0             1        315 10.112305            0 
            8             1           500             0             1        316 9.763306            0 
            8             1           500             0             1        317 9.964233            0 
            8             1           500             0             1        318 9.761353            0 
            8             1           500             0             1        319 9.981445            0 
            8             1           500             0             1        320 9.783325            0 
            8             1           500             0             1        321 9.806274            0 
            8             1           500             0             1        322 9.931274            0 
            8             1           500             0             1        323 9.908325            0 
            8             1           500             0             1        324 9.822388            0 
            8             1           500             0             1        325 9.800293            0 
            8             1           500             0             1        326 9.742310            0 
            8             1           500             0             1        327 10.050293            0 
            8             1           500             0             1        328 9.872314            0 
            8             1           500             0             1        329 10.069214            0 
            8             1           500             0             1        330 10.051392            0 
            8             1           500             0             1        331 9.861328            0 
            8             1           500             0             1        332 9.715332            0 
            8             1           500             0             1        333 9.790283            0 
            8             1           500             0             1        334 9.653320            0 
            8             1           500             0             1        335 9.974487            0 
            8             1           500             0             1        336 9.733398            0 
            8             1           500             0             1        337 9.983276            0 
            8             1           500             0             1        338 9.948364            0 
            8             1           500             0             1        339 9.970337            0 
            8             1           500             0             1        340 9.636230            0 
            8             1           500             0             1        341 9.919312            0 
            8             1           500             0             1        342 9.698242            0 
            8             1           500             0             1        343 10.042358            0 
            8             1           500             0             1        344 10.107300            0 
            8             1           500             0             1        345 9.973389            0 
            8             1           500             0             1        346 13.445068            0 
            8             1           500             0             1        347 9.970215            0 
            8             1           500             0             1        348 9.772339            0 
            8             1           500             0             1        349 9.922363            0 
            8             1           500             0             1        350 9.752319            0 
            8             1           500             0             1        351 9.858276            0 
            8             1           500             0             1        352 9.668457            0 
            8             1           500             0             1        353 9.843262            0 
            8             1           500             0             1        354 9.758301            0 
            8             1           500             0             1        355 9.970337            0 
            8             1           500             0             1        356 9.719238            0 
            8             1           500             0             1        357 9.813232            0 
            8             1           500             0             1        358 9.775269            0 
            8             1           500             0             1        359 9.845337            0 
            8             1           500             0             1        360 9.846191            0 
            8             1           500             0             1        361 9.854370            0 
            8             1           500             0             1        362 9.659424            0 
            8             1           500             0             1        363 10.002319            0 
            8             1           500             0             1        364 9.741455            0 
            8             1           500             0             1        365 10.149414            0 
            8             1           500             0             1        366 9.974365            0 
            8             1           500             0             1        367 9.884399            0 
            8             1           500             0             1        368 9.701294            0 
            8             1           500             0             1        369 10.009277            0 
            8             1           500             0             1        370 9.628296            0 
            8             1           500             0             1        371 10.061279            0 
            8             1           500             0             1        372 9.736450            0 
            8             1           500             0             1        373 9.892334            0 
            8             1           500             0             1        374 10.000244            0 
            8             1           500             0             1        375 9.942383            0 
            8             1           500             0             1        376 9.643311            0 
            8             1           500             0             1        377 9.892456            0 
            8             1           500             0             1        378 9.686279            0 
            8             1           500             0             1        379 9.975342            0 
            8             1           500             0             1        380 9.814331            0 
            8             1           500             0             1        381 9.972290            0 
            8             1           500             0             1        382 9.730469            0 
            8             1           500             0             1        383 9.901367            0 
            8             1           500             0             1        384 9.871460            0 
            8             1           500             0             1        385 10.160278            0 
            8             1           500             0             1        386 9.754395            0 
            8             1           500             0             1        387 10.282227            0 
            8             1           500             0             1        388 9.961304            0 
            8             1           500             0             1        389 10.171265            0 
            8             1           500             0             1        390 9.963257            0 
            8             1           500             0             1        391 9.974487            0 
            8             1           500             0             1        392 9.722290            0 
            8             1           500             0             1        393 9.897461            0 
            8             1           500             0             1        394 9.587402            0 
            8             1           500             0             1        395 9.878296            0 
            8             1           500             0             1        396 9.668335            0 
            8             1           500             0             1        397 9.829346            0 
            8             1           500             0             1        398 9.745361            0 
            8             1           500             0             1        399 9.810303            0 
            8             1           500             0             1        400 9.773193            0 
            8             1           500             0             1        401 10.050293            0 
            8             1           500             0             1        402 9.795410            0 
            8             1           500             0             1        403 10.052368            0 
            8             1           500             0             1        404 9.910400            0 
            8             1           500             0             1        405 9.963257            0 
            8             1           500             0             1        406 9.810303            0 
            8             1           500             0             1        407 10.008301            0 
            8             1           500             0             1        408 9.687256            0 
            8             1           500             0             1        409 9.941284            0 
            8             1           500             0             1        410 9.779297            0 
            8             1           500             0             1        411 10.026245            0 
            8             1           500             0             1        412 9.856323            0 
            8             1           500             0             1        413 9.886230            0 
            8             1           500             0             1        414 9.751343            0 
            8             1           500             0             1        415 9.861328            0 
            8             1           500             0             1        416 9.711182            0 
            8             1           500             0             1        417 10.169312            0 
            8             1           500             0             1        418 9.834351            0 
            8             1           500             0             1        419 10.108398            0 
            8             1           500             0             1        420 9.713379            0 
            8             1           500             0             1        421 10.136230            0 
            8             1           500             0             1        422 9.939453            0 
            8             1           500             0             1        423 9.991333            0 
            8             1           500             0             1        424 9.824219            0 
            8             1           500             0             1        425 9.856323            0 
            8             1           500             0             1        426 9.650391            0 
            8             1           500             0             1        427 9.964355            0 
            8             1           500             0             1        428 9.721313            0 
            8             1           500             0             1        429 9.926392            0 
            8             1           500             0             1        430 9.605347            0 
            8             1           500             0             1        431 9.804321            0 
            8             1           500             0             1        432 9.922241            0 
            8             1           500             0             1        433 10.144409            0 
            8             1           500             0             1        434 9.722290            0 
            8             1           500             0             1        435 10.185303            0 
            8             1           500             0             1        436 9.750244            0 
            8             1           500             0             1        437 9.958374            0 
            8             1           500             0             1        438 10.122437            0 
            8             1           500             0             1        439 10.087280            0 
            8             1           500             0             1        440 9.649414            0 
            8             1           500             0             1        441 9.945190            0 
            8             1           500             0             1        442 9.665405            0 
            8             1           500             0             1        443 9.964355            0 
            8             1           500             0             1        444 9.783325            0 
            8             1           500             0             1        445 9.915283            0 
            8             1           500             0             1        446 9.770386            0 
            8             1           500             0             1        447 10.024170            0 
            8             1           500             0             1        448 9.949341            0 
            8             1           500             0             1        449 10.124390            0 
            8             1           500             0             1        450 9.906250            0 
            8             1           500             0             1        451 9.981445            0 
            8             1           500             0             1        452 9.636353            0 
            8             1           500             0             1        453 9.713257            0 
            8             1           500             0             1        454 9.714355            0 
            8             1           500             0             1        455 9.904297            0 
            8             1           500             0             1        456 9.792236            0 
            8             1           500             0             1        457 9.830200            0 
            8             1           500             0             1        458 9.701294            0 
            8             1           500             0             1        459 9.917480            0 
            8             1           500             0             1        460 9.732300            0 
            8             1           500             0             1        461 9.967407            0 
            8             1           500             0             1        462 9.745361            0 
            8             1           500             0             1        463 9.964111            0 
            8             1           500             0             1        464 9.752319            0 
            8             1           500             0             1        465 10.071289            0 
            8             1           500             0             1        466 10.001343            0 
            8             1           500             0             1        467 10.003296            0 
            8             1           500             0             1        468 9.632446            0 
            8             1           500             0             1        469 9.951416            0 
            8             1           500             0             1        470 9.649414            0 
            8             1           500             0             1        471 10.043213            0 
            8             1           500             0             1        472 9.803345            0 
            8             1           500             0             1        473 10.066284            0 
            8             1           500             0             1        474 9.853271            0 
            8             1           500             0             1        475 10.066284            0 
            8             1           500             0             1        476 9.889404            0 
            8             1           500             0             1        477 9.976440            0 
            8             1           500             0             1        478 9.768188            0 
            8             1           500             0             1        479 9.923340            0 
            8             1           500             0             1        480 9.587280            0 
            8             1           500             0             1        481 9.763428            0 
            8             1           500             0             1        482 9.932373            0 
            8             1           500             0             1        483 10.001343            0 
            8             1           500             0             1        484 9.791260            0 
            8             1           500             0             1        485 9.831299            0 
            8             1           500             0             1        486 9.717407            0 
            8             1           500             0             1        487 9.978394            0 
            8             1           500             0             1        488 9.876221            0 
            8             1           500             0             1        489 9.892212            0 
            8             1           500             0             1        490 9.652222            0 
            8             1           500             0             1        491 10.045288            0 
            8             1           500             0             1        492 9.784302            0 
            8             1           500             0             1        493 9.922241            0 
            8             1           500             0             1        494 9.749390            0 
            8             1           500             0             1        495 9.936279            0 
            8             1           500             0             1        496 9.667358            0 
            8             1           500             0             1        497 10.041260            0 
            8             1           500             0             1        498 9.630249            0 
            8             1           500             0             1        499 10.054199            0 
# Runtime: 0.054736 s (overhead: 0.016443 %) 500 records
