# Execution time and date (UTC): Fri Aug  9 15:28:00 2024
# Execution time and date (local): Fri Aug  9 18:28:00 2024
# MPI execution on rank 0 with 2 processes in world
# Reported time measurements are in microseconds
# pretty output format
     msg_size  window_size         runs   recv_index    num_peers       id         time     overhead 
            8           128           500             0             1          0 122.487793            0 
            8           128           500             0             1          1 118.527954            0 
            8           128           500             0             1          2 117.864014            0 
            8           128           500             0             1          3 118.386108            0 
            8           128           500             0             1          4 117.710938            0 
            8           128           500             0             1          5 117.122070            0 
            8           128           500             0             1          6 117.780029            0 
            8           128           500             0             1          7 119.096924            0 
            8           128           500             0             1          8 118.465088            0 
            8           128           500             0             1          9 117.865112            0 
            8           128           500             0             1         10 118.143921            0 
            8           128           500             0             1         11 118.674927            0 
            8           128           500             0             1         12 117.802002            0 
            8           128           500             0             1         13 116.940186            0 
            8           128           500             0             1         14 117.932007            0 
            8           128           500             0             1         15 119.423950            0 
            8           128           500             0             1         16 118.621948            0 
            8           128           500             0             1         17 116.855225            0 
            8           128           500             0             1         18 118.014038            0 
            8           128           500             0             1         19 118.209961            0 
            8           128           500             0             1         20 117.176147            0 
            8           128           500             0             1         21 117.400146            0 
            8           128           500             0             1         22 117.217163            0 
            8           128           500             0             1         23 119.776978            0 
            8           128           500             0             1         24 117.817993            0 
            8           128           500             0             1         25 116.161133            0 
            8           128           500             0             1         26 117.262085            0 
            8           128           500             0             1         27 118.591064            0 
            8           128           500             0             1         28 118.107056            0 
            8           128           500             0             1         29 116.679077            0 
            8           128           500             0             1         30 116.955200            0 
            8           128           500             0             1         31 119.337158            0 
            8           128           500             0             1         32 117.614014            0 
            8           128           500             0             1         33 117.253052            0 
            8           128           500             0             1         34 117.607178            0 
            8           128           500             0             1         35 117.777100            0 
            8           128           500             0             1         36 118.079956            0 
            8           128           500             0             1         37 116.390137            0 
            8           128           500             0             1         38 116.679077            0 
            8           128           500             0             1         39 120.336792            0 
            8           128           500             0             1         40 119.112915            0 
            8           128           500             0             1         41 118.398071            0 
            8           128           500             0             1         42 117.541138            0 
            8           128           500             0             1         43 117.368042            0 
            8           128           500             0             1         44 118.322021            0 
            8           128           500             0             1         45 116.576172            0 
            8           128           500             0             1         46 117.323120            0 
            8           128           500             0             1         47 117.735107            0 
            8           128           500             0             1         48 117.416016            0 
            8           128           500             0             1         49 117.230103            0 
            8           128           500             0             1         50 117.152954            0 
            8           128           500             0             1         51 118.614868            0 
            8           128           500             0             1         52 116.524170            0 
            8           128           500             0             1         53 117.206177            0 
            8           128           500             0             1         54 118.166992            0 
            8           128           500             0             1         55 118.177002            0 
            8           128           500             0             1         56 117.135254            0 
            8           128           500             0             1         57 118.022095            0 
            8           128           500             0             1         58 177.028931            0 
            8           128           500             0             1         59 117.745972            0 
            8           128           500             0             1         60 118.592041            0 
            8           128           500             0             1         61 119.276001            0 
            8           128           500             0             1         62 118.005005            0 
            8           128           500             0             1         63 117.647095            0 
            8           128           500             0             1         64 118.002930            0 
            8           128           500             0             1         65 117.590942            0 
            8           128           500             0             1         66 117.301025            0 
            8           128           500             0             1         67 117.726074            0 
            8           128           500             0             1         68 118.055176            0 
            8           128           500             0             1         69 117.226074            0 
            8           128           500             0             1         70 117.542969            0 
            8           128           500             0             1         71 119.646973            0 
            8           128           500             0             1         72 117.217041            0 
            8           128           500             0             1         73 118.048950            0 
            8           128           500             0             1         74 117.344116            0 
            8           128           500             0             1         75 118.075073            0 
            8           128           500             0             1         76 117.097046            0 
            8           128           500             0             1         77 116.327148            0 
            8           128           500             0             1         78 118.137085            0 
            8           128           500             0             1         79 120.853760            0 
            8           128           500             0             1         80 116.921143            0 
            8           128           500             0             1         81 117.162109            0 
            8           128           500             0             1         82 117.306030            0 
            8           128           500             0             1         83 118.252075            0 
            8           128           500             0             1         84 118.439941            0 
            8           128           500             0             1         85 117.504150            0 
            8           128           500             0             1         86 116.352173            0 
            8           128           500             0             1         87 119.127808            0 
            8           128           500             0             1         88 117.543091            0 
            8           128           500             0             1         89 117.199097            0 
            8           128           500             0             1         90 117.080078            0 
            8           128           500             0             1         91 118.612915            0 
            8           128           500             0             1         92 118.344971            0 
            8           128           500             0             1         93 117.762085            0 
            8           128           500             0             1         94 117.343994            0 
            8           128           500             0             1         95 119.354004            0 
            8           128           500             0             1         96 118.218018            0 
            8           128           500             0             1         97 117.150146            0 
            8           128           500             0             1         98 117.500122            0 
            8           128           500             0             1         99 118.943970            0 
            8           128           500             0             1        100 117.058960            0 
            8           128           500             0             1        101 117.546143            0 
            8           128           500             0             1        102 117.805054            0 
            8           128           500             0             1        103 118.213013            0 
            8           128           500             0             1        104 118.439087            0 
            8           128           500             0             1        105 116.540039            0 
            8           128           500             0             1        106 116.580078            0 
            8           128           500             0             1        107 119.084839            0 
            8           128           500             0             1        108 117.996826            0 
            8           128           500             0             1        109 117.429077            0 
            8           128           500             0             1        110 117.684082            0 
            8           128           500             0             1        111 118.714966            0 
            8           128           500             0             1        112 117.292114            0 
            8           128           500             0             1        113 116.624146            0 
            8           128           500             0             1        114 117.496948            0 
            8           128           500             0             1        115 119.217896            0 
            8           128           500             0             1        116 118.893066            0 
            8           128           500             0             1        117 116.874023            0 
            8           128           500             0             1        118 117.265015            0 
            8           128           500             0             1        119 118.739014            0 
            8           128           500             0             1        120 117.637085            0 
            8           128           500             0             1        121 119.027954            0 
            8           128           500             0             1        122 117.165039            0 
            8           128           500             0             1        123 118.562988            0 
            8           128           500             0             1        124 117.554077            0 
            8           128           500             0             1        125 116.586182            0 
            8           128           500             0             1        126 117.459106            0 
            8           128           500             0             1        127 120.268799            0 
            8           128           500             0             1        128 117.219971            0 
            8           128           500             0             1        129 118.905029            0 
            8           128           500             0             1        130 118.382935            0 
            8           128           500             0             1        131 119.585938            0 
            8           128           500             0             1        132 117.304199            0 
            8           128           500             0             1        133 116.084229            0 
            8           128           500             0             1        134 115.840210            0 
            8           128           500             0             1        135 119.356934            0 
            8           128           500             0             1        136 118.879028            0 
            8           128           500             0             1        137 118.401001            0 
            8           128           500             0             1        138 118.770996            0 
            8           128           500             0             1        139 118.738892            0 
            8           128           500             0             1        140 117.478027            0 
            8           128           500             0             1        141 117.270996            0 
            8           128           500             0             1        142 116.866089            0 
            8           128           500             0             1        143 118.244141            0 
            8           128           500             0             1        144 117.369141            0 
            8           128           500             0             1        145 117.735107            0 
            8           128           500             0             1        146 117.876099            0 
            8           128           500             0             1        147 117.808105            0 
            8           128           500             0             1        148 117.614990            0 
            8           128           500             0             1        149 117.199219            0 
            8           128           500             0             1        150 116.873047            0 
            8           128           500             0             1        151 119.568970            0 
            8           128           500             0             1        152 118.145142            0 
            8           128           500             0             1        153 117.573120            0 
            8           128           500             0             1        154 117.800049            0 
            8           128           500             0             1        155 118.583008            0 
            8           128           500             0             1        156 117.531982            0 
            8           128           500             0             1        157 117.786011            0 
            8           128           500             0             1        158 116.922241            0 
            8           128           500             0             1        159 118.473022            0 
            8           128           500             0             1        160 118.346069            0 
            8           128           500             0             1        161 117.634033            0 
            8           128           500             0             1        162 117.218140            0 
            8           128           500             0             1        163 118.337891            0 
            8           128           500             0             1        164 118.647095            0 
            8           128           500             0             1        165 117.804199            0 
            8           128           500             0             1        166 117.682983            0 
            8           128           500             0             1        167 119.293945            0 
            8           128           500             0             1        168 118.079956            0 
            8           128           500             0             1        169 117.862915            0 
            8           128           500             0             1        170 119.027954            0 
            8           128           500             0             1        171 117.716064            0 
            8           128           500             0             1        172 117.323120            0 
            8           128           500             0             1        173 117.555176            0 
            8           128           500             0             1        174 116.518188            0 
            8           128           500             0             1        175 118.093018            0 
            8           128           500             0             1        176 117.438965            0 
            8           128           500             0             1        177 117.696167            0 
            8           128           500             0             1        178 117.429077            0 
            8           128           500             0             1        179 119.503906            0 
            8           128           500             0             1        180 118.479004            0 
            8           128           500             0             1        181 116.399170            0 
            8           128           500             0             1        182 117.244995            0 
            8           128           500             0             1        183 119.217896            0 
            8           128           500             0             1        184 117.635010            0 
            8           128           500             0             1        185 118.461914            0 
            8           128           500             0             1        186 117.766968            0 
            8           128           500             0             1        187 119.230835            0 
            8           128           500             0             1        188 117.367065            0 
            8           128           500             0             1        189 117.076050            0 
            8           128           500             0             1        190 116.606201            0 
            8           128           500             0             1        191 118.894043            0 
            8           128           500             0             1        192 118.036011            0 
            8           128           500             0             1        193 116.353149            0 
            8           128           500             0             1        194 117.672974            0 
            8           128           500             0             1        195 117.348022            0 
            8           128           500             0             1        196 117.890991            0 
            8           128           500             0             1        197 116.752075            0 
            8           128           500             0             1        198 117.800049            0 
            8           128           500             0             1        199 117.954102            0 
            8           128           500             0             1        200 118.832031            0 
            8           128           500             0             1        201 117.689087            0 
            8           128           500             0             1        202 117.172241            0 
            8           128           500             0             1        203 118.859985            0 
            8           128           500             0             1        204 118.046143            0 
            8           128           500             0             1        205 117.789062            0 
            8           128           500             0             1        206 117.387085            0 
            8           128           500             0             1        207 117.822144            0 
            8           128           500             0             1        208 116.456055            0 
            8           128           500             0             1        209 116.634155            0 
            8           128           500             0             1        210 118.234009            0 
            8           128           500             0             1        211 118.911011            0 
            8           128           500             0             1        212 117.760986            0 
            8           128           500             0             1        213 117.359863            0 
            8           128           500             0             1        214 117.615967            0 
            8           128           500             0             1        215 120.122925            0 
            8           128           500             0             1        216 117.879150            0 
            8           128           500             0             1        217 118.381958            0 
            8           128           500             0             1        218 117.666992            0 
            8           128           500             0             1        219 118.208984            0 
            8           128           500             0             1        220 118.504883            0 
            8           128           500             0             1        221 118.505005            0 
            8           128           500             0             1        222 117.854126            0 
            8           128           500             0             1        223 119.250977            0 
            8           128           500             0             1        224 118.767944            0 
            8           128           500             0             1        225 118.471924            0 
            8           128           500             0             1        226 116.992065            0 
            8           128           500             0             1        227 118.378052            0 
            8           128           500             0             1        228 117.522095            0 
            8           128           500             0             1        229 115.762207            0 
            8           128           500             0             1        230 116.245117            0 
            8           128           500             0             1        231 118.984985            0 
            8           128           500             0             1        232 116.347290            0 
            8           128           500             0             1        233 117.032104            0 
            8           128           500             0             1        234 118.593018            0 
            8           128           500             0             1        235 118.206909            0 
            8           128           500             0             1        236 117.043213            0 
            8           128           500             0             1        237 117.337036            0 
            8           128           500             0             1        238 116.127197            0 
            8           128           500             0             1        239 118.460938            0 
            8           128           500             0             1        240 117.770020            0 
            8           128           500             0             1        241 117.011108            0 
            8           128           500             0             1        242 117.518066            0 
            8           128           500             0             1        243 116.589111            0 
            8           128           500             0             1        244 118.370117            0 
            8           128           500             0             1        245 117.896118            0 
            8           128           500             0             1        246 117.744995            0 
            8           128           500             0             1        247 119.154053            0 
            8           128           500             0             1        248 118.814941            0 
            8           128           500             0             1        249 116.924072            0 
            8           128           500             0             1        250 117.531128            0 
            8           128           500             0             1        251 119.193970            0 
            8           128           500             0             1        252 118.867065            0 
            8           128           500             0             1        253 116.289185            0 
            8           128           500             0             1        254 117.301147            0 
            8           128           500             0             1        255 119.783813            0 
            8           128           500             0             1        256 119.525879            3 
            8           128           500             0             1        257 116.462280            0 
            8           128           500             0             1        258 117.164062            0 
            8           128           500             0             1        259 119.604004            0 
            8           128           500             0             1        260 118.197998            0 
            8           128           500             0             1        261 116.808105            0 
            8           128           500             0             1        262 116.498047            0 
            8           128           500             0             1        263 119.379028            0 
            8           128           500             0             1        264 117.593994            0 
            8           128           500             0             1        265 116.108154            0 
            8           128           500             0             1        266 116.735107            0 
            8           128           500             0             1        267 118.864990            0 
            8           128           500             0             1        268 118.005127            0 
            8           128           500             0             1        269 117.915894            0 
            8           128           500             0             1        270 116.290039            0 
            8           128           500             0             1        271 118.182983            0 
            8           128           500             0             1        272 117.494141            0 
            8           128           500             0             1        273 117.145142            0 
            8           128           500             0             1        274 117.722046            0 
            8           128           500             0             1        275 119.753906            0 
            8           128           500             0             1        276 117.830078            0 
            8           128           500             0             1        277 116.413086            0 
            8           128           500             0             1        278 116.993042            0 
            8           128           500             0             1        279 118.548950            0 
            8           128           500             0             1        280 117.134033            0 
            8           128           500             0             1        281 117.306030            0 
            8           128           500             0             1        282 117.134155            0 
            8           128           500             0             1        283 116.676270            0 
            8           128           500             0             1        284 117.446045            0 
            8           128           500             0             1        285 117.270020            0 
            8           128           500             0             1        286 118.117188            0 
            8           128           500             0             1        287 117.860107            0 
            8           128           500             0             1        288 118.179077            0 
            8           128           500             0             1        289 116.103149            0 
            8           128           500             0             1        290 117.333130            0 
            8           128           500             0             1        291 118.939941            0 
            8           128           500             0             1        292 117.156128            0 
            8           128           500             0             1        293 118.093018            0 
            8           128           500             0             1        294 117.791870            0 
            8           128           500             0             1        295 119.039062            0 
            8           128           500             0             1        296 116.944092            0 
            8           128           500             0             1        297 116.413208            0 
            8           128           500             0             1        298 117.073120            0 
            8           128           500             0             1        299 118.401855            0 
            8           128           500             0             1        300 118.259033            0 
            8           128           500             0             1        301 118.613892            0 
            8           128           500             0             1        302 117.911987            0 
            8           128           500             0             1        303 118.996948            0 
            8           128           500             0             1        304 117.590088            0 
            8           128           500             0             1        305 116.609985            0 
            8           128           500             0             1        306 117.067017            0 
            8           128           500             0             1        307 118.692871            0 
            8           128           500             0             1        308 117.823975            0 
            8           128           500             0             1        309 116.850098            0 
            8           128           500             0             1        310 117.614136            0 
            8           128           500             0             1        311 119.911865            0 
            8           128           500             0             1        312 116.420044            0 
            8           128           500             0             1        313 117.051025            0 
            8           128           500             0             1        314 118.177002            0 
            8           128           500             0             1        315 118.385986            0 
            8           128           500             0             1        316 117.327148            0 
            8           128           500             0             1        317 117.746948            0 
            8           128           500             0             1        318 118.197998            0 
            8           128           500             0             1        319 118.301025            0 
            8           128           500             0             1        320 118.085938            0 
            8           128           500             0             1        321 117.691040            0 
            8           128           500             0             1        322 118.329956            0 
            8           128           500             0             1        323 118.886108            0 
            8           128           500             0             1        324 116.876099            0 
            8           128           500             0             1        325 116.536133            0 
            8           128           500             0             1        326 117.347046            0 
            8           128           500             0             1        327 119.921875            0 
            8           128           500             0             1        328 118.476074            0 
            8           128           500             0             1        329 118.104004            0 
            8           128           500             0             1        330 117.203003            0 
            8           128           500             0             1        331 118.893921            0 
            8           128           500             0             1        332 231.406372            0 
            8           128           500             0             1        333 117.739990            0 
            8           128           500             0             1        334 117.263184            1 
            8           128           500             0             1        335 118.977905            0 
            8           128           500             0             1        336 117.152100            0 
            8           128           500             0             1        337 118.017944            0 
            8           128           500             0             1        338 116.331055            0 
            8           128           500             0             1        339 117.682007            0 
            8           128           500             0             1        340 116.439087            0 
            8           128           500             0             1        341 116.930054            0 
            8           128           500             0             1        342 116.424072            0 
            8           128           500             0             1        343 117.268066            0 
            8           128           500             0             1        344 117.193115            0 
            8           128           500             0             1        345 117.744995            0 
            8           128           500             0             1        346 117.393066            0 
            8           128           500             0             1        347 119.677002            0 
            8           128           500             0             1        348 117.333130            0 
            8           128           500             0             1        349 117.462036            0 
            8           128           500             0             1        350 117.560913            0 
            8           128           500             0             1        351 117.385132            0 
            8           128           500             0             1        352 116.512207            0 
            8           128           500             0             1        353 117.611938            0 
            8           128           500             0             1        354 117.421021            0 
            8           128           500             0             1        355 118.882935            0 
            8           128           500             0             1        356 118.536011            0 
            8           128           500             0             1        357 118.269043            0 
            8           128           500             0             1        358 118.199951            0 
            8           128           500             0             1        359 117.878906            0 
            8           128           500             0             1        360 117.409058            0 
            8           128           500             0             1        361 116.539062            0 
            8           128           500             0             1        362 118.061035            0 
            8           128           500             0             1        363 119.951904            0 
            8           128           500             0             1        364 117.906982            0 
            8           128           500             0             1        365 119.434937            0 
            8           128           500             0             1        366 117.205078            0 
            8           128           500             0             1        367 117.495972            0 
            8           128           500             0             1        368 117.859131            0 
            8           128           500             0             1        369 117.561035            0 
            8           128           500             0             1        370 116.439209            0 
            8           128           500             0             1        371 118.681030            0 
            8           128           500             0             1        372 116.451050            0 
            8           128           500             0             1        373 117.255005            0 
            8           128           500             0             1        374 117.464111            0 
            8           128           500             0             1        375 118.299927            0 
            8           128           500             0             1        376 118.207031            0 
            8           128           500             0             1        377 116.786011            0 
            8           128           500             0             1        378 117.245117            0 
            8           128           500             0             1        379 119.309937            0 
            8           128           500             0             1        380 117.480225            0 
            8           128           500             0             1        381 119.015015            0 
            8           128           500             0             1        382 118.102051            0 
            8           128           500             0             1        383 118.537964            0 
            8           128           500             0             1        384 117.906982            0 
            8           128           500             0             1        385 117.575073            0 
            8           128           500             0             1        386 115.966309            0 
            8           128           500             0             1        387 117.980103            0 
            8           128           500             0             1        388 118.198120            0 
            8           128           500             0             1        389 118.427124            0 
            8           128           500             0             1        390 117.413086            0 
            8           128           500             0             1        391 120.273804            0 
            8           128           500             0             1        392 116.804077            0 
            8           128           500             0             1        393 117.038086            0 
            8           128           500             0             1        394 117.068115            0 
            8           128           500             0             1        395 118.834961            0 
            8           128           500             0             1        396 118.464966            0 
            8           128           500             0             1        397 116.687012            0 
            8           128           500             0             1        398 116.568237            0 
            8           128           500             0             1        399 118.638916            0 
            8           128           500             0             1        400 118.659912            0 
            8           128           500             0             1        401 117.002075            0 
            8           128           500             0             1        402 117.661011            0 
            8           128           500             0             1        403 119.753906            0 
            8           128           500             0             1        404 118.088013            0 
            8           128           500             0             1        405 117.332886            0 
            8           128           500             0             1        406 117.159058            0 
            8           128           500             0             1        407 118.357056            0 
            8           128           500             0             1        408 117.157959            0 
            8           128           500             0             1        409 116.473267            0 
            8           128           500             0             1        410 117.305054            0 
            8           128           500             0             1        411 119.287964            0 
            8           128           500             0             1        412 118.051880            0 
            8           128           500             0             1        413 117.326172            0 
            8           128           500             0             1        414 118.398071            0 
            8           128           500             0             1        415 119.669922            0 
            8           128           500             0             1        416 117.154053            0 
            8           128           500             0             1        417 117.282104            0 
            8           128           500             0             1        418 117.230103            0 
            8           128           500             0             1        419 119.056885            0 
            8           128           500             0             1        420 118.130981            0 
            8           128           500             0             1        421 117.836060            0 
            8           128           500             0             1        422 117.609009            0 
            8           128           500             0             1        423 118.656982            0 
            8           128           500             0             1        424 116.780029            0 
            8           128           500             0             1        425 116.365234            0 
            8           128           500             0             1        426 116.288208            0 
            8           128           500             0             1        427 119.725098            0 
            8           128           500             0             1        428 117.593994            0 
            8           128           500             0             1        429 117.166138            0 
            8           128           500             0             1        430 117.587036            0 
            8           128           500             0             1        431 117.886108            0 
            8           128           500             0             1        432 116.806030            0 
            8           128           500             0             1        433 117.207031            0 
            8           128           500             0             1        434 118.174194            0 
            8           128           500             0             1        435 118.894043            0 
            8           128           500             0             1        436 117.289062            0 
            8           128           500             0             1        437 116.970093            0 
            8           128           500             0             1        438 117.698120            0 
            8           128           500             0             1        439 119.225952            0 
            8           128           500             0             1        440 117.414062            0 
            8           128           500             0             1        441 118.791992            0 
            8           128           500             0             1        442 118.557983            0 
            8           128           500             0             1        443 119.580933            0 
            8           128           500             0             1        444 117.739990            0 
            8           128           500             0             1        445 116.293091            0 
            8           128           500             0             1        446 116.991089            0 
            8           128           500             0             1        447 118.323975            0 
            8           128           500             0             1        448 117.024048            0 
            8           128           500             0             1        449 117.902954            0 
            8           128           500             0             1        450 116.775146            0 
            8           128           500             0             1        451 119.374023            0 
            8           128           500             0             1        452 118.136108            0 
            8           128           500             0             1        453 116.880127            0 
            8           128           500             0             1        454 117.484009            0 
            8           128           500             0             1        455 118.598999            0 
            8           128           500             0             1        456 117.981934            0 
            8           128           500             0             1        457 116.653198            0 
            8           128           500             0             1        458 115.983154            0 
            8           128           500             0             1        459 118.828003            0 
            8           128           500             0             1        460 118.195068            0 
            8           128           500             0             1        461 117.327148            0 
            8           128           500             0             1        462 118.091064            0 
            8           128           500             0             1        463 119.331055            0 
            8           128           500             0             1        464 118.516113            0 
            8           128           500             0             1        465 116.966187            0 
            8           128           500             0             1        466 117.661011            0 
            8           128           500             0             1        467 119.286865            0 
            8           128           500             0             1        468 117.557007            0 
            8           128           500             0             1        469 116.873047            0 
            8           128           500             0             1        470 117.166992            0 
            8           128           500             0             1        471 118.347046            0 
            8           128           500             0             1        472 118.214111            0 
            8           128           500             0             1        473 116.397217            0 
            8           128           500             0             1        474 117.671997            0 
            8           128           500             0             1        475 117.687988            0 
            8           128           500             0             1        476 117.621094            0 
            8           128           500             0             1        477 117.381104            0 
            8           128           500             0             1        478 117.125122            0 
            8           128           500             0             1        479 117.833130            0 
            8           128           500             0             1        480 118.284058            0 
            8           128           500             0             1        481 117.559937            0 
            8           128           500             0             1        482 118.328003            0 
            8           128           500             0             1        483 117.611084            0 
            8           128           500             0             1        484 116.947998            0 
            8           128           500             0             1        485 116.396118            0 
            8           128           500             0             1        486 116.584106            0 
            8           128           500             0             1        487 117.127075            0 
            8           128           500             0             1        488 116.652100            0 
            8           128           500             0             1        489 118.090088            0 
            8           128           500             0             1        490 117.712036            0 
            8           128           500             0             1        491 119.490967            0 
            8           128           500             0             1        492 117.846069            0 
            8           128           500             0             1        493 117.382202            0 
            8           128           500             0             1        494 117.391968            0 
            8           128           500             0             1        495 118.247070            1 
            8           128           500             0             1        496 117.614014            0 
            8           128           500             0             1        497 118.073975            0 
            8           128           500             0             1        498 117.234253            0 
            8           128           500             0             1        499 118.302979            0 
# Runtime: 1.869715 s (overhead: 0.000267 %) 500 records
