# Execution time and date (UTC): Fri Aug  9 15:24:31 2024
# Execution time and date (local): Fri Aug  9 18:24:31 2024
# MPI execution on rank 0 with 2 processes in world
# Reported time measurements are in microseconds
# pretty output format
     msg_size  window_size         runs   recv_index    num_peers       id         time     overhead 
            8           128           500             0             1          0 251.983887            0 
            8           128           500             0             1          1 253.151611            0 
            8           128           500             0             1          2 248.453003            0 
            8           128           500             0             1          3 253.493652            0 
            8           128           500             0             1          4 248.398071            0 
            8           128           500             0             1          5 253.009766            0 
            8           128           500             0             1          6 250.255737            0 
            8           128           500             0             1          7 253.400757            0 
            8           128           500             0             1          8 248.373047            0 
            8           128           500             0             1          9 253.137695            0 
            8           128           500             0             1         10 248.137085            0 
            8           128           500             0             1         11 253.384644            0 
            8           128           500             0             1         12 248.272095            0 
            8           128           500             0             1         13 253.376709            0 
            8           128           500             0             1         14 248.211060            0 
            8           128           500             0             1         15 253.267700            0 
            8           128           500             0             1         16 248.314087            0 
            8           128           500             0             1         17 253.272705            0 
            8           128           500             0             1         18 248.578003            0 
            8           128           500             0             1         19 253.414673            0 
            8           128           500             0             1         20 248.272095            0 
            8           128           500             0             1         21 253.156616            0 
            8           128           500             0             1         22 248.304932            0 
            8           128           500             0             1         23 253.107544            0 
            8           128           500             0             1         24 250.362915            0 
            8           128           500             0             1         25 253.532715            0 
            8           128           500             0             1         26 248.645996            0 
            8           128           500             0             1         27 253.242554            0 
            8           128           500             0             1         28 248.288940            0 
            8           128           500             0             1         29 253.201782            0 
            8           128           500             0             1         30 250.109985            0 
            8           128           500             0             1         31 253.273682            0 
            8           128           500             0             1         32 248.348022            0 
            8           128           500             0             1         33 253.307739            0 
            8           128           500             0             1         34 250.477905            0 
            8           128           500             0             1         35 253.417725            0 
            8           128           500             0             1         36 248.475098            0 
            8           128           500             0             1         37 253.626587            0 
            8           128           500             0             1         38 248.550049            0 
            8           128           500             0             1         39 253.201660            0 
            8           128           500             0             1         40 250.339844            0 
            8           128           500             0             1         41 253.221680            0 
            8           128           500             0             1         42 248.374023            0 
            8           128           500             0             1         43 253.189697            0 
            8           128           500             0             1         44 248.363037            0 
            8           128           500             0             1         45 253.180664            0 
            8           128           500             0             1         46 250.407837            0 
            8           128           500             0             1         47 253.643555            0 
            8           128           500             0             1         48 248.519043            0 
            8           128           500             0             1         49 253.457764            0 
            8           128           500             0             1         50 248.345093            0 
            8           128           500             0             1         51 253.285767            0 
            8           128           500             0             1         52 248.303955            0 
            8           128           500             0             1         53 253.324707            0 
            8           128           500             0             1         54 248.514038            0 
            8           128           500             0             1         55 253.249634            0 
            8           128           500             0             1         56 248.206909            0 
            8           128           500             0             1         57 253.183594            0 
            8           128           500             0             1         58 248.299927            0 
            8           128           500             0             1         59 253.464722            0 
            8           128           500             0             1         60 248.237915            0 
            8           128           500             0             1         61 253.263794            0 
            8           128           500             0             1         62 250.246826            0 
            8           128           500             0             1         63 253.472656            0 
            8           128           500             0             1         64 248.493896            0 
            8           128           500             0             1         65 253.011841            0 
            8           128           500             0             1         66 248.335083            0 
            8           128           500             0             1         67 253.454712            0 
            8           128           500             0             1         68 250.289917            0 
            8           128           500             0             1         69 253.117798            0 
            8           128           500             0             1         70 248.452026            0 
            8           128           500             0             1         71 253.144775            0 
            8           128           500             0             1         72 250.266846            0 
            8           128           500             0             1         73 253.391602            0 
            8           128           500             0             1         74 248.475098            0 
            8           128           500             0             1         75 253.240723            0 
            8           128           500             0             1         76 248.454102            0 
            8           128           500             0             1         77 253.267700            0 
            8           128           500             0             1         78 248.363037            0 
            8           128           500             0             1         79 253.352661            0 
            8           128           500             0             1         80 248.112061            0 
            8           128           500             0             1         81 253.174805            0 
            8           128           500             0             1         82 248.291992            0 
            8           128           500             0             1         83 253.091675            0 
            8           128           500             0             1         84 250.143921            0 
            8           128           500             0             1         85 253.111694            0 
            8           128           500             0             1         86 248.325073            0 
            8           128           500             0             1         87 253.179688            0 
            8           128           500             0             1         88 248.240112            0 
            8           128           500             0             1         89 253.394653            0 
            8           128           500             0             1         90 250.230957            0 
            8           128           500             0             1         91 253.225586            0 
            8           128           500             0             1         92 248.476074            0 
            8           128           500             0             1         93 253.161743            0 
            8           128           500             0             1         94 250.419922            0 
            8           128           500             0             1         95 253.238770            0 
            8           128           500             0             1         96 248.397095            0 
            8           128           500             0             1         97 253.201660            0 
            8           128           500             0             1         98 248.169067            0 
            8           128           500             0             1         99 253.302612            0 
            8           128           500             0             1        100 250.391846            0 
            8           128           500             0             1        101 253.249634            0 
            8           128           500             0             1        102 248.414062            0 
            8           128           500             0             1        103 253.378784            0 
            8           128           500             0             1        104 248.360962            0 
            8           128           500             0             1        105 253.263672            0 
            8           128           500             0             1        106 250.173950            0 
            8           128           500             0             1        107 253.408569            0 
            8           128           500             0             1        108 250.196899            0 
            8           128           500             0             1        109 253.522705            0 
            8           128           500             0             1        110 250.504883            0 
            8           128           500             0             1        111 253.345703            0 
            8           128           500             0             1        112 248.385010            0 
            8           128           500             0             1        113 253.383667            0 
            8           128           500             0             1        114 250.511963            0 
            8           128           500             0             1        115 253.389771            0 
            8           128           500             0             1        116 250.014771            0 
            8           128           500             0             1        117 253.161621            0 
            8           128           500             0             1        118 248.369019            0 
            8           128           500             0             1        119 253.144653            0 
            8           128           500             0             1        120 250.441895            0 
            8           128           500             0             1        121 253.210815            0 
            8           128           500             0             1        122 248.340942            0 
            8           128           500             0             1        123 253.244751            0 
            8           128           500             0             1        124 248.412109            0 
            8           128           500             0             1        125 255.106567            0 
            8           128           500             0             1        126 248.472046            0 
            8           128           500             0             1        127 253.365601            0 
            8           128           500             0             1        128 248.434082            0 
            8           128           500             0             1        129 253.183838            0 
            8           128           500             0             1        130 248.490112            0 
            8           128           500             0             1        131 253.355591            0 
            8           128           500             0             1        132 248.348999            0 
            8           128           500             0             1        133 253.244629            0 
            8           128           500             0             1        134 248.244995            0 
            8           128           500             0             1        135 253.226807            0 
            8           128           500             0             1        136 250.438843            0 
            8           128           500             0             1        137 253.378662            0 
            8           128           500             0             1        138 250.645874            0 
            8           128           500             0             1        139 253.437622            0 
            8           128           500             0             1        140 248.244995            0 
            8           128           500             0             1        141 253.242676            0 
            8           128           500             0             1        142 248.413940            0 
            8           128           500             0             1        143 253.089844            0 
            8           128           500             0             1        144 248.134155            0 
            8           128           500             0             1        145 253.149658            0 
            8           128           500             0             1        146 250.763794            0 
            8           128           500             0             1        147 253.441772            0 
            8           128           500             0             1        148 248.324951            0 
            8           128           500             0             1        149 253.269653            0 
            8           128           500             0             1        150 250.440918            0 
            8           128           500             0             1        151 253.281738            0 
            8           128           500             0             1        152 248.363037            0 
            8           128           500             0             1        153 253.187622            0 
            8           128           500             0             1        154 248.200073            0 
            8           128           500             0             1        155 253.336792            0 
            8           128           500             0             1        156 248.383057            0 
            8           128           500             0             1        157 253.554565            0 
            8           128           500             0             1        158 250.603882            0 
            8           128           500             0             1        159 253.426636            0 
            8           128           500             0             1        160 248.162109            0 
            8           128           500             0             1        161 253.090698            0 
            8           128           500             0             1        162 248.318115            0 
            8           128           500             0             1        163 253.217529            0 
            8           128           500             0             1        164 250.343994            0 
            8           128           500             0             1        165 253.340698            0 
            8           128           500             0             1        166 248.383057            0 
            8           128           500             0             1        167 253.331543            0 
            8           128           500             0             1        168 248.301880            0 
            8           128           500             0             1        169 253.351685            0 
            8           128           500             0             1        170 250.352905            0 
            8           128           500             0             1        171 253.448730            0 
            8           128           500             0             1        172 248.393921            0 
            8           128           500             0             1        173 253.293579            0 
            8           128           500             0             1        174 248.297119            0 
            8           128           500             0             1        175 253.208618            0 
            8           128           500             0             1        176 248.127075            0 
            8           128           500             0             1        177 253.421753            0 
            8           128           500             0             1        178 248.202026            0 
            8           128           500             0             1        179 253.354614            0 
            8           128           500             0             1        180 248.262085            0 
            8           128           500             0             1        181 253.086670            0 
            8           128           500             0             1        182 248.341064            0 
            8           128           500             0             1        183 253.239624            0 
            8           128           500             0             1        184 250.507935            0 
            8           128           500             0             1        185 253.398682            0 
            8           128           500             0             1        186 248.381104            0 
            8           128           500             0             1        187 253.024780            0 
            8           128           500             0             1        188 250.403809            0 
            8           128           500             0             1        189 253.279785            0 
            8           128           500             0             1        190 250.271851            0 
            8           128           500             0             1        191 253.637695            0 
            8           128           500             0             1        192 248.375122            0 
            8           128           500             0             1        193 253.114502            0 
            8           128           500             0             1        194 250.510864            0 
            8           128           500             0             1        195 253.684692            0 
            8           128           500             0             1        196 248.298828            0 
            8           128           500             0             1        197 253.155762            0 
            8           128           500             0             1        198 248.430054            0 
            8           128           500             0             1        199 253.299805            0 
            8           128           500             0             1        200 248.212036            0 
            8           128           500             0             1        201 253.297607            0 
            8           128           500             0             1        202 250.333008            0 
            8           128           500             0             1        203 253.580566            0 
            8           128           500             0             1        204 248.276978            0 
            8           128           500             0             1        205 253.180664            0 
            8           128           500             0             1        206 248.228027            0 
            8           128           500             0             1        207 253.628662            0 
            8           128           500             0             1        208 248.305176            0 
            8           128           500             0             1        209 253.104614            0 
            8           128           500             0             1        210 248.335205            0 
            8           128           500             0             1        211 253.705688            0 
            8           128           500             0             1        212 250.255005            0 
            8           128           500             0             1        213 253.079834            0 
            8           128           500             0             1        214 250.368896            0 
            8           128           500             0             1        215 253.234741            0 
            8           128           500             0             1        216 248.233887            0 
            8           128           500             0             1        217 253.187744            0 
            8           128           500             0             1        218 248.622925            0 
            8           128           500             0             1        219 253.293579            0 
            8           128           500             0             1        220 248.054932            0 
            8           128           500             0             1        221 253.149780            0 
            8           128           500             0             1        222 250.350830            0 
            8           128           500             0             1        223 253.273682            0 
            8           128           500             0             1        224 248.295044            0 
            8           128           500             0             1        225 253.265625            0 
            8           128           500             0             1        226 250.425781            0 
            8           128           500             0             1        227 253.130615            0 
            8           128           500             0             1        228 248.336914            0 
            8           128           500             0             1        229 253.327637            0 
            8           128           500             0             1        230 248.322998            0 
            8           128           500             0             1        231 253.400757            0 
            8           128           500             0             1        232 248.429077            0 
            8           128           500             0             1        233 253.154785            0 
            8           128           500             0             1        234 248.277100            0 
            8           128           500             0             1        235 253.327759            0 
            8           128           500             0             1        236 250.429932            0 
            8           128           500             0             1        237 253.238770            0 
            8           128           500             0             1        238 250.381714            0 
            8           128           500             0             1        239 253.453735            0 
            8           128           500             0             1        240 248.366089            0 
            8           128           500             0             1        241 253.252563            0 
            8           128           500             0             1        242 248.584961            0 
            8           128           500             0             1        243 253.303711            0 
            8           128           500             0             1        244 248.510986            0 
            8           128           500             0             1        245 253.139648            0 
            8           128           500             0             1        246 248.326050            0 
            8           128           500             0             1        247 253.527710            0 
            8           128           500             0             1        248 250.341797            0 
            8           128           500             0             1        249 253.050659            0 
            8           128           500             0             1        250 250.426880            0 
            8           128           500             0             1        251 253.354614            0 
            8           128           500             0             1        252 289.629150            0 
            8           128           500             0             1        253 253.311768            0 
            8           128           500             0             1        254 250.562988            0 
            8           128           500             0             1        255 253.303711            0 
            8           128           500             0             1        256 248.456055            2 
            8           128           500             0             1        257 253.388672            0 
            8           128           500             0             1        258 250.267822            0 
            8           128           500             0             1        259 253.283569            0 
            8           128           500             0             1        260 248.444092            0 
            8           128           500             0             1        261 253.477661            0 
            8           128           500             0             1        262 250.483887            0 
            8           128           500             0             1        263 253.562744            0 
            8           128           500             0             1        264 248.388062            0 
            8           128           500             0             1        265 253.481689            0 
            8           128           500             0             1        266 248.620972            0 
            8           128           500             0             1        267 253.419678            0 
            8           128           500             0             1        268 248.602051            0 
            8           128           500             0             1        269 253.293579            0 
            8           128           500             0             1        270 250.381958            0 
            8           128           500             0             1        271 253.242676            0 
            8           128           500             0             1        272 250.332886            0 
            8           128           500             0             1        273 253.084717            0 
            8           128           500             0             1        274 248.450928            0 
            8           128           500             0             1        275 253.305664            0 
            8           128           500             0             1        276 248.304932            0 
            8           128           500             0             1        277 253.127686            0 
            8           128           500             0             1        278 250.342896            0 
            8           128           500             0             1        279 253.170776            0 
            8           128           500             0             1        280 248.296021            0 
            8           128           500             0             1        281 253.147705            0 
            8           128           500             0             1        282 250.584717            0 
            8           128           500             0             1        283 253.349609            0 
            8           128           500             0             1        284 250.394043            0 
            8           128           500             0             1        285 253.217529            0 
            8           128           500             0             1        286 250.787842            0 
            8           128           500             0             1        287 253.216675            0 
            8           128           500             0             1        288 248.386108            0 
            8           128           500             0             1        289 253.230713            0 
            8           128           500             0             1        290 248.411133            0 
            8           128           500             0             1        291 253.219727            0 
            8           128           500             0             1        292 248.507935            0 
            8           128           500             0             1        293 253.122681            0 
            8           128           500             0             1        294 248.336060            0 
            8           128           500             0             1        295 253.081665            0 
            8           128           500             0             1        296 248.345093            0 
            8           128           500             0             1        297 253.352661            0 
            8           128           500             0             1        298 248.531128            0 
            8           128           500             0             1        299 253.416626            0 
            8           128           500             0             1        300 248.292969            0 
            8           128           500             0             1        301 254.071777            0 
            8           128           500             0             1        302 248.423096            0 
            8           128           500             0             1        303 253.116699            0 
            8           128           500             0             1        304 248.317993            0 
            8           128           500             0             1        305 253.160767            0 
            8           128           500             0             1        306 248.321045            0 
            8           128           500             0             1        307 255.730591            0 
            8           128           500             0             1        308 250.466797            0 
            8           128           500             0             1        309 253.154663            0 
            8           128           500             0             1        310 250.421021            0 
            8           128           500             0             1        311 253.297729            0 
            8           128           500             0             1        312 248.467041            0 
            8           128           500             0             1        313 253.289673            0 
            8           128           500             0             1        314 248.430176            0 
            8           128           500             0             1        315 253.285522            0 
            8           128           500             0             1        316 250.353882            0 
            8           128           500             0             1        317 253.139648            0 
            8           128           500             0             1        318 250.468750            0 
            8           128           500             0             1        319 253.513672            0 
            8           128           500             0             1        320 248.559082            0 
            8           128           500             0             1        321 253.303711            0 
            8           128           500             0             1        322 248.262939            0 
            8           128           500             0             1        323 253.312744            0 
            8           128           500             0             1        324 248.249023            0 
            8           128           500             0             1        325 253.112671            0 
            8           128           500             0             1        326 250.555786            0 
            8           128           500             0             1        327 252.973755            0 
            8           128           500             0             1        328 248.326904            0 
            8           128           500             0             1        329 253.414795            0 
            8           128           500             0             1        330 250.411865            0 
            8           128           500             0             1        331 253.362671            0 
            8           128           500             0             1        332 248.282104            0 
            8           128           500             0             1        333 253.294678            0 
            8           128           500             0             1        334 250.343994            0 
            8           128           500             0             1        335 253.268677            0 
            8           128           500             0             1        336 248.195068            0 
            8           128           500             0             1        337 253.475586            0 
            8           128           500             0             1        338 250.026855            0 
            8           128           500             0             1        339 253.182739            0 
            8           128           500             0             1        340 248.258057            0 
            8           128           500             0             1        341 253.425659            0 
            8           128           500             0             1        342 250.528809            0 
            8           128           500             0             1        343 253.244751            0 
            8           128           500             0             1        344 248.379028            0 
            8           128           500             0             1        345 254.254517            0 
            8           128           500             0             1        346 248.682983            0 
            8           128           500             0             1        347 253.264648            0 
            8           128           500             0             1        348 250.426880            0 
            8           128           500             0             1        349 253.435669            0 
            8           128           500             0             1        350 250.481689            0 
            8           128           500             0             1        351 253.379761            0 
            8           128           500             0             1        352 248.577026            0 
            8           128           500             0             1        353 277.869873            0 
            8           128           500             0             1        354 248.293091            0 
            8           128           500             0             1        355 253.228760            0 
            8           128           500             0             1        356 248.310059            0 
            8           128           500             0             1        357 253.304565            0 
            8           128           500             0             1        358 250.342896            0 
            8           128           500             0             1        359 253.060669            0 
            8           128           500             0             1        360 248.536011            0 
            8           128           500             0             1        361 253.473755            0 
            8           128           500             0             1        362 250.444824            0 
            8           128           500             0             1        363 253.542603            0 
            8           128           500             0             1        364 250.338867            0 
            8           128           500             0             1        365 253.554688            0 
            8           128           500             0             1        366 250.511963            0 
            8           128           500             0             1        367 253.189697            0 
            8           128           500             0             1        368 248.446045            0 
            8           128           500             0             1        369 253.223633            0 
            8           128           500             0             1        370 248.338989            0 
            8           128           500             0             1        371 253.121704            0 
            8           128           500             0             1        372 248.499023            0 
            8           128           500             0             1        373 256.329346            0 
            8           128           500             0             1        374 250.155762            0 
            8           128           500             0             1        375 253.352661            0 
            8           128           500             0             1        376 248.329102            0 
            8           128           500             0             1        377 253.182617            0 
            8           128           500             0             1        378 250.325928            0 
            8           128           500             0             1        379 253.420776            0 
            8           128           500             0             1        380 250.248901            0 
            8           128           500             0             1        381 253.183838            0 
            8           128           500             0             1        382 248.473999            0 
            8           128           500             0             1        383 253.164673            0 
            8           128           500             0             1        384 250.388916            0 
            8           128           500             0             1        385 253.441650            0 
            8           128           500             0             1        386 250.409790            0 
            8           128           500             0             1        387 253.169556            0 
            8           128           500             0             1        388 248.250977            0 
            8           128           500             0             1        389 253.298706            0 
            8           128           500             0             1        390 250.309814            0 
            8           128           500             0             1        391 253.311646            0 
            8           128           500             0             1        392 248.347046            0 
            8           128           500             0             1        393 253.641724            0 
            8           128           500             0             1        394 248.285034            0 
            8           128           500             0             1        395 253.281738            0 
            8           128           500             0             1        396 248.361084            0 
            8           128           500             0             1        397 253.179688            0 
            8           128           500             0             1        398 248.458008            0 
            8           128           500             0             1        399 253.330688            0 
            8           128           500             0             1        400 248.357056            0 
            8           128           500             0             1        401 253.155640            0 
            8           128           500             0             1        402 248.560059            0 
            8           128           500             0             1        403 253.200684            0 
            8           128           500             0             1        404 248.329956            0 
            8           128           500             0             1        405 253.252686            0 
            8           128           500             0             1        406 248.669922            0 
            8           128           500             0             1        407 253.180786            0 
            8           128           500             0             1        408 248.500977            0 
            8           128           500             0             1        409 253.199707            0 
            8           128           500             0             1        410 250.406982            0 
            8           128           500             0             1        411 253.508545            0 
            8           128           500             0             1        412 248.271118            0 
            8           128           500             0             1        413 253.223511            0 
            8           128           500             0             1        414 248.452026            0 
            8           128           500             0             1        415 253.263672            0 
            8           128           500             0             1        416 248.239990            0 
            8           128           500             0             1        417 253.565674            0 
            8           128           500             0             1        418 277.918945            0 
            8           128           500             0             1        419 253.481689            0 
            8           128           500             0             1        420 248.255005            0 
            8           128           500             0             1        421 253.136597            0 
            8           128           500             0             1        422 250.500977            0 
            8           128           500             0             1        423 253.364746            0 
            8           128           500             0             1        424 250.319946            0 
            8           128           500             0             1        425 253.433716            0 
            8           128           500             0             1        426 250.366943            0 
            8           128           500             0             1        427 253.134644            0 
            8           128           500             0             1        428 250.402832            0 
            8           128           500             0             1        429 253.167847            0 
            8           128           500             0             1        430 250.370850            0 
            8           128           500             0             1        431 253.335693            0 
            8           128           500             0             1        432 248.441040            0 
            8           128           500             0             1        433 253.300659            0 
            8           128           500             0             1        434 248.359009            0 
            8           128           500             0             1        435 253.480713            0 
            8           128           500             0             1        436 248.354004            0 
            8           128           500             0             1        437 253.324707            0 
            8           128           500             0             1        438 248.377930            0 
            8           128           500             0             1        439 253.232666            0 
            8           128           500             0             1        440 250.486938            0 
            8           128           500             0             1        441 253.154663            0 
            8           128           500             0             1        442 248.244995            0 
            8           128           500             0             1        443 253.347778            0 
            8           128           500             0             1        444 248.518066            0 
            8           128           500             0             1        445 253.084717            0 
            8           128           500             0             1        446 248.334961            0 
            8           128           500             0             1        447 253.599609            0 
            8           128           500             0             1        448 248.431030            0 
            8           128           500             0             1        449 253.104736            0 
            8           128           500             0             1        450 248.302979            0 
            8           128           500             0             1        451 253.118652            0 
            8           128           500             0             1        452 248.430908            0 
            8           128           500             0             1        453 253.106689            0 
            8           128           500             0             1        454 248.437012            0 
            8           128           500             0             1        455 253.151733            0 
            8           128           500             0             1        456 250.221924            0 
            8           128           500             0             1        457 253.312622            0 
            8           128           500             0             1        458 250.439941            0 
            8           128           500             0             1        459 253.360596            0 
            8           128           500             0             1        460 248.319092            0 
            8           128           500             0             1        461 253.212646            0 
            8           128           500             0             1        462 248.430054            0 
            8           128           500             0             1        463 253.448608            0 
            8           128           500             0             1        464 250.262939            0 
            8           128           500             0             1        465 253.246704            0 
            8           128           500             0             1        466 250.324829            0 
            8           128           500             0             1        467 253.272827            0 
            8           128           500             0             1        468 292.245117            0 
            8           128           500             0             1        469 253.383667            0 
            8           128           500             0             1        470 248.414062            0 
            8           128           500             0             1        471 253.218628            0 
            8           128           500             0             1        472 250.397949            0 
            8           128           500             0             1        473 253.148682            0 
            8           128           500             0             1        474 249.000000            1 
            8           128           500             0             1        475 253.342529            0 
            8           128           500             0             1        476 248.355957            0 
            8           128           500             0             1        477 253.273804            0 
            8           128           500             0             1        478 248.437988            0 
            8           128           500             0             1        479 253.419556            0 
            8           128           500             0             1        480 248.301025            0 
            8           128           500             0             1        481 253.303711            0 
            8           128           500             0             1        482 248.221069            0 
            8           128           500             0             1        483 253.315552            0 
            8           128           500             0             1        484 250.202881            0 
            8           128           500             0             1        485 253.368774            0 
            8           128           500             0             1        486 248.303101            0 
            8           128           500             0             1        487 253.110718            0 
            8           128           500             0             1        488 248.207031            0 
            8           128           500             0             1        489 253.202637            0 
            8           128           500             0             1        490 250.530762            0 
            8           128           500             0             1        491 253.694580            0 
            8           128           500             0             1        492 250.494873            0 
            8           128           500             0             1        493 253.326538            0 
            8           128           500             0             1        494 248.541992            0 
            8           128           500             0             1        495 253.250732            0 
            8           128           500             0             1        496 248.380127            0 
            8           128           500             0             1        497 253.244629            0 
            8           128           500             0             1        498 250.506836            0 
            8           128           500             0             1        499 253.329590            0 
# Runtime: 1.944183 s (overhead: 0.000154 %) 500 records
