# Execution time and date (UTC): Fri Aug  9 21:56:57 2024
# Execution time and date (local): Sat Aug 10 00:56:57 2024
# MPI execution on rank 0 with 2 processes in world
# Reported time measurements are in microseconds
# pretty output format
     msg_size  window_size         runs   recv_index    num_peers       id         time     overhead 
            8             1           500             0             1          0 15.188965            0 
            8             1           500             0             1          1 11.290039            0 
            8             1           500             0             1          2 11.227173            0 
            8             1           500             0             1          3 11.527222            0 
            8             1           500             0             1          4 11.259155            0 
            8             1           500             0             1          5 11.412109            0 
            8             1           500             0             1          6 11.252197            0 
            8             1           500             0             1          7 11.276245            0 
            8             1           500             0             1          8 10.768311            0 
            8             1           500             0             1          9 11.349243            0 
            8             1           500             0             1         10 10.875244            0 
            8             1           500             0             1         11 11.203125            0 
            8             1           500             0             1         12 10.708984            0 
            8             1           500             0             1         13 11.110107            0 
            8             1           500             0             1         14 10.775146            0 
            8             1           500             0             1         15 11.019165            0 
            8             1           500             0             1         16 9.953247            0 
            8             1           500             0             1         17 9.896240            0 
            8             1           500             0             1         18 9.856201            0 
            8             1           500             0             1         19 10.197388            0 
            8             1           500             0             1         20 9.689209            0 
            8             1           500             0             1         21 9.958252            0 
            8             1           500             0             1         22 9.729248            0 
            8             1           500             0             1         23 10.288086            0 
            8             1           500             0             1         24 9.786377            0 
            8             1           500             0             1         25 9.923218            0 
            8             1           500             0             1         26 9.695312            0 
            8             1           500             0             1         27 10.118286            0 
            8             1           500             0             1         28 9.599243            0 
            8             1           500             0             1         29 9.966187            0 
            8             1           500             0             1         30 9.731201            0 
            8             1           500             0             1         31 10.277344            0 
            8             1           500             0             1         32 9.983276            0 
            8             1           500             0             1         33 10.219238            0 
            8             1           500             0             1         34 10.041260            0 
            8             1           500             0             1         35 10.360229            0 
            8             1           500             0             1         36 9.826294            0 
            8             1           500             0             1         37 10.200317            0 
            8             1           500             0             1         38 9.967285            0 
            8             1           500             0             1         39 10.198364            0 
            8             1           500             0             1         40 9.784180            0 
            8             1           500             0             1         41 10.067139            0 
            8             1           500             0             1         42 9.874268            0 
            8             1           500             0             1         43 10.404297            0 
            8             1           500             0             1         44 9.738159            0 
            8             1           500             0             1         45 9.869263            0 
            8             1           500             0             1         46 9.925415            0 
            8             1           500             0             1         47 10.369263            0 
            8             1           500             0             1         48 9.804321            0 
            8             1           500             0             1         49 9.972290            0 
            8             1           500             0             1         50 9.834229            0 
            8             1           500             0             1         51 10.226074            0 
            8             1           500             0             1         52 9.696167            0 
            8             1           500             0             1         53 9.796265            0 
            8             1           500             0             1         54 9.860352            0 
            8             1           500             0             1         55 10.258179            0 
            8             1           500             0             1         56 9.871216            0 
            8             1           500             0             1         57 9.861328            0 
            8             1           500             0             1         58 9.763184            0 
            8             1           500             0             1         59 10.184326            0 
            8             1           500             0             1         60 10.012207            0 
            8             1           500             0             1         61 10.193237            0 
            8             1           500             0             1         62 9.792236            0 
            8             1           500             0             1         63 10.331299            0 
            8             1           500             0             1         64 10.113403           11 
            8             1           500             0             1         65 10.240234            0 
            8             1           500             0             1         66 9.948242            0 
            8             1           500             0             1         67 10.323242            0 
            8             1           500             0             1         68 9.846313            0 
            8             1           500             0             1         69 10.212280            0 
            8             1           500             0             1         70 9.854370            0 
            8             1           500             0             1         71 10.281128            0 
            8             1           500             0             1         72 9.974365            0 
            8             1           500             0             1         73 10.122192            0 
            8             1           500             0             1         74 10.020264            0 
            8             1           500             0             1         75 10.207275            0 
            8             1           500             0             1         76 12.812988            0 
            8             1           500             0             1         77 9.911255            0 
            8             1           500             0             1         78 10.099243            0 
            8             1           500             0             1         79 10.338135            0 
            8             1           500             0             1         80 9.704224            0 
            8             1           500             0             1         81 9.992310            0 
            8             1           500             0             1         82 9.954224            0 
            8             1           500             0             1         83 10.222290            0 
            8             1           500             0             1         84 9.680176            0 
            8             1           500             0             1         85 9.841187            0 
            8             1           500             0             1         86 9.913330            0 
            8             1           500             0             1         87 10.227173            0 
            8             1           500             0             1         88 9.822144            0 
            8             1           500             0             1         89 9.800293            0 
            8             1           500             0             1         90 9.804321            0 
            8             1           500             0             1         91 10.082275            0 
            8             1           500             0             1         92 9.654297            0 
            8             1           500             0             1         93 9.988159            0 
            8             1           500             0             1         94 9.608276            0 
            8             1           500             0             1         95 10.228149            0 
            8             1           500             0             1         96 9.832153            0 
            8             1           500             0             1         97 9.967285            0 
            8             1           500             0             1         98 9.812378            0 
            8             1           500             0             1         99 10.334351            0 
            8             1           500             0             1        100 9.821289            0 
            8             1           500             0             1        101 10.053223            0 
            8             1           500             0             1        102 9.928223            0 
            8             1           500             0             1        103 10.353271            0 
            8             1           500             0             1        104 9.960327            0 
            8             1           500             0             1        105 9.966309            0 
            8             1           500             0             1        106 9.980225            0 
            8             1           500             0             1        107 10.247192            0 
            8             1           500             0             1        108 10.085205            0 
            8             1           500             0             1        109 10.089233            0 
            8             1           500             0             1        110 10.029297            0 
            8             1           500             0             1        111 10.279175            0 
            8             1           500             0             1        112 9.740234            0 
            8             1           500             0             1        113 9.927368            0 
            8             1           500             0             1        114 9.800293            0 
            8             1           500             0             1        115 10.210205            0 
            8             1           500             0             1        116 10.029175            0 
            8             1           500             0             1        117 9.959351            0 
            8             1           500             0             1        118 9.938232            0 
            8             1           500             0             1        119 10.340210            0 
            8             1           500             0             1        120 9.797241            0 
            8             1           500             0             1        121 9.883179            0 
            8             1           500             0             1        122 9.755249            0 
            8             1           500             0             1        123 10.124390            0 
            8             1           500             0             1        124 9.880249            0 
            8             1           500             0             1        125 9.921265            0 
            8             1           500             0             1        126 9.828247            0 
            8             1           500             0             1        127 10.310303            0 
            8             1           500             0             1        128 10.462158            0 
            8             1           500             0             1        129 10.145264            0 
            8             1           500             0             1        130 10.225220            0 
            8             1           500             0             1        131 10.268188            0 
            8             1           500             0             1        132 10.293213            0 
            8             1           500             0             1        133 10.230347            0 
            8             1           500             0             1        134 10.245117            0 
            8             1           500             0             1        135 10.448242            0 
            8             1           500             0             1        136 10.085205            0 
            8             1           500             0             1        137 9.919189            0 
            8             1           500             0             1        138 9.947144            0 
            8             1           500             0             1        139 10.198120            0 
            8             1           500             0             1        140 9.956299            0 
            8             1           500             0             1        141 10.081177            0 
            8             1           500             0             1        142 10.082275            0 
            8             1           500             0             1        143 10.145264            0 
            8             1           500             0             1        144 10.042236            0 
            8             1           500             0             1        145 10.029297            0 
            8             1           500             0             1        146 9.821289            0 
            8             1           500             0             1        147 10.275146            0 
            8             1           500             0             1        148 9.774292            0 
            8             1           500             0             1        149 10.150146            0 
            8             1           500             0             1        150 9.864258            0 
            8             1           500             0             1        151 10.396240            0 
            8             1           500             0             1        152 9.581299            0 
            8             1           500             0             1        153 10.035278            0 
            8             1           500             0             1        154 9.776367            0 
            8             1           500             0             1        155 10.130127            0 
            8             1           500             0             1        156 9.709229            0 
            8             1           500             0             1        157 10.075317            0 
            8             1           500             0             1        158 9.767334            0 
            8             1           500             0             1        159 10.399292            0 
            8             1           500             0             1        160 9.995239            0 
            8             1           500             0             1        161 10.065308            0 
            8             1           500             0             1        162 10.276123            0 
            8             1           500             0             1        163 10.393188            0 
            8             1           500             0             1        164 10.041138            0 
            8             1           500             0             1        165 10.105347            0 
            8             1           500             0             1        166 10.042236            0 
            8             1           500             0             1        167 10.302246            0 
            8             1           500             0             1        168 10.125366            0 
            8             1           500             0             1        169 9.827271            0 
            8             1           500             0             1        170 10.057251            0 
            8             1           500             0             1        171 10.098267            0 
            8             1           500             0             1        172 9.976196            0 
            8             1           500             0             1        173 10.036255            0 
            8             1           500             0             1        174 9.917236            0 
            8             1           500             0             1        175 10.356201            0 
            8             1           500             0             1        176 9.746216            0 
            8             1           500             0             1        177 10.127319            0 
            8             1           500             0             1        178 9.938110            0 
            8             1           500             0             1        179 10.288208            0 
            8             1           500             0             1        180 9.817261            0 
            8             1           500             0             1        181 10.068359            0 
            8             1           500             0             1        182 9.849365            0 
            8             1           500             0             1        183 10.467285            0 
            8             1           500             0             1        184 9.870361            0 
            8             1           500             0             1        185 9.909302            0 
            8             1           500             0             1        186 9.870361            0 
            8             1           500             0             1        187 10.257202            0 
            8             1           500             0             1        188 9.695312            0 
            8             1           500             0             1        189 9.956299            0 
            8             1           500             0             1        190 9.743286            0 
            8             1           500             0             1        191 10.277222            0 
            8             1           500             0             1        192 10.153198            0 
            8             1           500             0             1        193 9.984131            0 
            8             1           500             0             1        194 9.842163            0 
            8             1           500             0             1        195 10.362305            0 
            8             1           500             0             1        196 9.897339            0 
            8             1           500             0             1        197 10.113159            0 
            8             1           500             0             1        198 10.052368            0 
            8             1           500             0             1        199 13.235107            0 
            8             1           500             0             1        200 10.140137            0 
            8             1           500             0             1        201 10.102295            0 
            8             1           500             0             1        202 9.993164            0 
            8             1           500             0             1        203 10.224121            0 
            8             1           500             0             1        204 10.142212            0 
            8             1           500             0             1        205 10.072266            0 
            8             1           500             0             1        206 9.881348            0 
            8             1           500             0             1        207 10.277222            0 
            8             1           500             0             1        208 9.717163            0 
            8             1           500             0             1        209 9.896240            0 
            8             1           500             0             1        210 9.875244            0 
            8             1           500             0             1        211 10.173340            0 
            8             1           500             0             1        212 9.749390            0 
            8             1           500             0             1        213 9.912231            0 
            8             1           500             0             1        214 9.702271            0 
            8             1           500             0             1        215 10.237305            0 
            8             1           500             0             1        216 9.686279            0 
            8             1           500             0             1        217 9.863281            0 
            8             1           500             0             1        218 9.658203            0 
            8             1           500             0             1        219 10.137329            0 
            8             1           500             0             1        220 10.068359            0 
            8             1           500             0             1        221 10.022339            0 
            8             1           500             0             1        222 9.816284            0 
            8             1           500             0             1        223 10.291138            0 
            8             1           500             0             1        224 10.015259            0 
            8             1           500             0             1        225 10.259277            0 
            8             1           500             0             1        226 10.015259            0 
            8             1           500             0             1        227 10.268188            0 
            8             1           500             0             1        228 9.833252            0 
            8             1           500             0             1        229 9.961304            0 
            8             1           500             0             1        230 9.848267            0 
            8             1           500             0             1        231 10.115234            0 
            8             1           500             0             1        232 10.171143            0 
            8             1           500             0             1        233 10.091309            0 
            8             1           500             0             1        234 9.904297            0 
            8             1           500             0             1        235 10.265259            0 
            8             1           500             0             1        236 9.950317            0 
            8             1           500             0             1        237 10.095215            0 
            8             1           500             0             1        238 9.925293            0 
            8             1           500             0             1        239 10.317261            0 
            8             1           500             0             1        240 9.693359            0 
            8             1           500             0             1        241 9.924316            0 
            8             1           500             0             1        242 9.754395            0 
            8             1           500             0             1        243 10.222290            0 
            8             1           500             0             1        244 9.694214            0 
            8             1           500             0             1        245 9.788208            0 
            8             1           500             0             1        246 9.719360            0 
            8             1           500             0             1        247 10.318237            0 
            8             1           500             0             1        248 10.054321            0 
            8             1           500             0             1        249 9.987305            0 
            8             1           500             0             1        250 9.759277            0 
            8             1           500             0             1        251 10.310059            0 
            8             1           500             0             1        252 9.732178            0 
            8             1           500             0             1        253 9.791260            0 
            8             1           500             0             1        254 9.675293            0 
            8             1           500             0             1        255 10.290283            0 
            8             1           500             0             1        256 10.325195            0 
            8             1           500             0             1        257 10.222168            0 
            8             1           500             0             1        258 10.049316            0 
            8             1           500             0             1        259 10.309204            0 
            8             1           500             0             1        260 10.110229            0 
            8             1           500             0             1        261 10.185303            0 
            8             1           500             0             1        262 9.976318            0 
            8             1           500             0             1        263 10.158325            0 
            8             1           500             0             1        264 10.005249            0 
            8             1           500             0             1        265 9.909180            0 
            8             1           500             0             1        266 10.020142            0 
            8             1           500             0             1        267 10.229370            0 
            8             1           500             0             1        268 9.740234            0 
            8             1           500             0             1        269 10.057251            0 
            8             1           500             0             1        270 9.906372            0 
            8             1           500             0             1        271 10.439209            0 
            8             1           500             0             1        272 9.896240            0 
            8             1           500             0             1        273 10.058228            0 
            8             1           500             0             1        274 9.870239            0 
            8             1           500             0             1        275 10.248291            0 
            8             1           500             0             1        276 9.956299            0 
            8             1           500             0             1        277 9.993286            0 
            8             1           500             0             1        278 9.921265            0 
            8             1           500             0             1        279 10.118164            0 
            8             1           500             0             1        280 9.783325            0 
            8             1           500             0             1        281 9.930176            0 
            8             1           500             0             1        282 9.747192            0 
            8             1           500             0             1        283 10.163208            0 
            8             1           500             0             1        284 9.686279            0 
            8             1           500             0             1        285 9.939209            0 
            8             1           500             0             1        286 9.740356            0 
            8             1           500             0             1        287 10.304199            0 
            8             1           500             0             1        288 9.943115            0 
            8             1           500             0             1        289 10.134277            0 
            8             1           500             0             1        290 9.952148            0 
            8             1           500             0             1        291 10.299072            0 
            8             1           500             0             1        292 9.838257            0 
            8             1           500             0             1        293 10.230347            0 
            8             1           500             0             1        294 9.972290            0 
            8             1           500             0             1        295 10.330200            0 
            8             1           500             0             1        296 10.091187            0 
            8             1           500             0             1        297 10.075317            0 
            8             1           500             0             1        298 9.898315            0 
            8             1           500             0             1        299 10.191284            0 
            8             1           500             0             1        300 9.765381            0 
            8             1           500             0             1        301 10.109253            0 
            8             1           500             0             1        302 9.966187            0 
            8             1           500             0             1        303 10.346191            0 
            8             1           500             0             1        304 9.991211            0 
            8             1           500             0             1        305 9.976196            0 
            8             1           500             0             1        306 9.747192            0 
            8             1           500             0             1        307 10.174194            0 
            8             1           500             0             1        308 9.664185            0 
            8             1           500             0             1        309 10.087158            0 
            8             1           500             0             1        310 9.834229            0 
            8             1           500             0             1        311 10.438354            0 
            8             1           500             0             1        312 9.858276            0 
            8             1           500             0             1        313 9.921265            0 
            8             1           500             0             1        314 9.800293            0 
            8             1           500             0             1        315 10.154297            0 
            8             1           500             0             1        316 9.834229            0 
            8             1           500             0             1        317 9.731323            0 
            8             1           500             0             1        318 9.848389            0 
            8             1           500             0             1        319 10.393188            0 
            8             1           500             0             1        320 10.117310            0 
            8             1           500             0             1        321 10.141357            0 
            8             1           500             0             1        322 10.210205            0 
            8             1           500             0             1        323 10.388184            0 
            8             1           500             0             1        324 9.992188            0 
            8             1           500             0             1        325 10.540161            0 
            8             1           500             0             1        326 9.832275            0 
            8             1           500             0             1        327 10.339233            0 
            8             1           500             0             1        328 10.054199            0 
            8             1           500             0             1        329 10.149170            0 
            8             1           500             0             1        330 10.328247            0 
            8             1           500             0             1        331 10.209229            0 
            8             1           500             0             1        332 9.789307            0 
            8             1           500             0             1        333 10.084229            0 
            8             1           500             0             1        334 9.793457            0 
            8             1           500             0             1        335 10.346191            0 
            8             1           500             0             1        336 9.691284            0 
            8             1           500             0             1        337 9.963379            0 
            8             1           500             0             1        338 9.891235            0 
            8             1           500             0             1        339 10.190308            0 
            8             1           500             0             1        340 9.628418            0 
            8             1           500             0             1        341 9.923218            0 
            8             1           500             0             1        342 9.598267            0 
            8             1           500             0             1        343 9.971191            0 
            8             1           500             0             1        344 9.975342            0 
            8             1           500             0             1        345 10.042236            0 
            8             1           500             0             1        346 9.679321            0 
            8             1           500             0             1        347 10.229248            0 
            8             1           500             0             1        348 9.713257            0 
            8             1           500             0             1        349 9.890137            0 
            8             1           500             0             1        350 9.848267            0 
            8             1           500             0             1        351 10.257202            0 
            8             1           500             0             1        352 9.757202            0 
            8             1           500             0             1        353 9.990234            0 
            8             1           500             0             1        354 9.877441            0 
            8             1           500             0             1        355 10.218262            0 
            8             1           500             0             1        356 9.896240            0 
            8             1           500             0             1        357 10.160156            0 
            8             1           500             0             1        358 10.126099            0 
            8             1           500             0             1        359 10.319214            0 
            8             1           500             0             1        360 9.971313            0 
            8             1           500             0             1        361 10.138306            0 
            8             1           500             0             1        362 10.014282            0 
            8             1           500             0             1        363 10.269165            0 
            8             1           500             0             1        364 9.896240            0 
            8             1           500             0             1        365 10.117188            0 
            8             1           500             0             1        366 10.077271            0 
            8             1           500             0             1        367 10.358154            0 
            8             1           500             0             1        368 9.626221            0 
            8             1           500             0             1        369 9.783325            0 
            8             1           500             0             1        370 9.841431            0 
            8             1           500             0             1        371 14.709839            0 
            8             1           500             0             1        372 9.953247            0 
            8             1           500             0             1        373 9.866211            0 
            8             1           500             0             1        374 9.899292            0 
            8             1           500             0             1        375 10.308228            0 
            8             1           500             0             1        376 9.781372            0 
            8             1           500             0             1        377 9.748291            0 
            8             1           500             0             1        378 9.822266            0 
            8             1           500             0             1        379 10.238281            0 
            8             1           500             0             1        380 9.889282            0 
            8             1           500             0             1        381 9.789185            0 
            8             1           500             0             1        382 9.782227            0 
            8             1           500             0             1        383 10.377197            0 
            8             1           500             0             1        384 10.514282            0 
            8             1           500             0             1        385 10.438232            0 
            8             1           500             0             1        386 10.370361            0 
            8             1           500             0             1        387 10.569336            0 
            8             1           500             0             1        388 10.142212            0 
            8             1           500             0             1        389 10.293213            0 
            8             1           500             0             1        390 10.403320            0 
            8             1           500             0             1        391 10.311157            0 
            8             1           500             0             1        392 10.181152            0 
            8             1           500             0             1        393 10.077148            0 
            8             1           500             0             1        394 10.059204            0 
            8             1           500             0             1        395 10.299316            0 
            8             1           500             0             1        396 10.591187            0 
            8             1           500             0             1        397 10.048340            0 
            8             1           500             0             1        398 10.234253            0 
            8             1           500             0             1        399 10.315063            0 
            8             1           500             0             1        400 10.000244            0 
            8             1           500             0             1        401 10.170288            0 
            8             1           500             0             1        402 9.922241            0 
            8             1           500             0             1        403 10.435303            0 
            8             1           500             0             1        404 9.767212            0 
            8             1           500             0             1        405 10.038208            0 
            8             1           500             0             1        406 9.854126            0 
            8             1           500             0             1        407 10.220215            0 
            8             1           500             0             1        408 9.862305            0 
            8             1           500             0             1        409 10.021240            0 
            8             1           500             0             1        410 9.789307            0 
            8             1           500             0             1        411 10.156250            0 
            8             1           500             0             1        412 9.673218            0 
            8             1           500             0             1        413 9.974243            0 
            8             1           500             0             1        414 9.814331            0 
            8             1           500             0             1        415 10.347290            0 
            8             1           500             0             1        416 10.087158            0 
            8             1           500             0             1        417 10.075195            0 
            8             1           500             0             1        418 10.125366            0 
            8             1           500             0             1        419 10.356323            0 
            8             1           500             0             1        420 9.999268            0 
            8             1           500             0             1        421 10.192261            0 
            8             1           500             0             1        422 10.179199            0 
            8             1           500             0             1        423 10.418213            0 
            8             1           500             0             1        424 9.984253            0 
            8             1           500             0             1        425 10.054199            0 
            8             1           500             0             1        426 10.040283            0 
            8             1           500             0             1        427 10.012207            0 
            8             1           500             0             1        428 10.173218            0 
            8             1           500             0             1        429 9.852295            0 
            8             1           500             0             1        430 10.004150            0 
            8             1           500             0             1        431 10.414307            0 
            8             1           500             0             1        432 10.065186            0 
            8             1           500             0             1        433 13.426025            0 
            8             1           500             0             1        434 9.915161            0 
            8             1           500             0             1        435 10.402222            0 
            8             1           500             0             1        436 9.985352            0 
            8             1           500             0             1        437 10.164185            0 
            8             1           500             0             1        438 9.962158            0 
            8             1           500             0             1        439 10.144287            0 
            8             1           500             0             1        440 9.929321            0 
            8             1           500             0             1        441 9.955200            0 
            8             1           500             0             1        442 9.741211            0 
            8             1           500             0             1        443 10.293213            0 
            8             1           500             0             1        444 9.777344            0 
            8             1           500             0             1        445 9.949097            0 
            8             1           500             0             1        446 9.675293            0 
            8             1           500             0             1        447 10.286255            0 
            8             1           500             0             1        448 10.076172            0 
            8             1           500             0             1        449 10.187378            0 
            8             1           500             0             1        450 10.049194            0 
            8             1           500             0             1        451 10.057373            0 
            8             1           500             0             1        452 9.937256            0 
            8             1           500             0             1        453 10.141235            0 
            8             1           500             0             1        454 9.972290            0 
            8             1           500             0             1        455 10.171265            0 
            8             1           500             0             1        456 10.209229            0 
            8             1           500             0             1        457 10.122192            0 
            8             1           500             0             1        458 10.079224            0 
            8             1           500             0             1        459 13.383911            0 
            8             1           500             0             1        460 10.075317            0 
            8             1           500             0             1        461 10.145264            0 
            8             1           500             0             1        462 9.914307            0 
            8             1           500             0             1        463 10.298218            0 
            8             1           500             0             1        464 9.744263            0 
            8             1           500             0             1        465 10.033325            0 
            8             1           500             0             1        466 9.846313            0 
            8             1           500             0             1        467 10.226318            0 
            8             1           500             0             1        468 9.774170            0 
            8             1           500             0             1        469 9.945190            0 
            8             1           500             0             1        470 11.106201            0 
            8             1           500             0             1        471 10.158325            0 
            8             1           500             0             1        472 10.067261            0 
            8             1           500             0             1        473 9.909302            0 
            8             1           500             0             1        474 9.747314            0 
            8             1           500             0             1        475 10.083252            0 
            8             1           500             0             1        476 9.745239            0 
            8             1           500             0             1        477 9.942261            0 
            8             1           500             0             1        478 9.782227            0 
            8             1           500             0             1        479 10.295166            0 
            8             1           500             0             1        480 9.819214            0 
            8             1           500             0             1        481 10.144165            0 
            8             1           500             0             1        482 9.983154            0 
            8             1           500             0             1        483 10.314209            0 
            8             1           500             0             1        484 9.911377            0 
            8             1           500             0             1        485 10.204224            0 
            8             1           500             0             1        486 9.995117            0 
            8             1           500             0             1        487 10.157349            0 
            8             1           500             0             1        488 9.880249            0 
            8             1           500             0             1        489 10.110229            0 
            8             1           500             0             1        490 9.898315            0 
            8             1           500             0             1        491 10.261108            0 
            8             1           500             0             1        492 10.241333            0 
            8             1           500             0             1        493 10.169312            0 
            8             1           500             0             1        494 9.955322            0 
            8             1           500             0             1        495 10.404175            0 
            8             1           500             0             1        496 9.707275            0 
            8             1           500             0             1        497 9.811157            0 
            8             1           500             0             1        498 9.728394            0 
            8             1           500             0             1        499 10.262207            0 
# Runtime: 0.065917 s (overhead: 0.016688 %) 500 records
