# Execution time and date (UTC): Fri Aug  9 15:25:38 2024
# Execution time and date (local): Fri Aug  9 18:25:38 2024
# MPI execution on rank 0 with 2 processes in world
# Reported time measurements are in microseconds
# pretty output format
     msg_size  window_size         runs   recv_index    num_peers       id         time     overhead 
            8           128           500             0             1          0 153.549438            0 
            8           128           500             0             1          1 150.909546            0 
            8           128           500             0             1          2 149.847656            0 
            8           128           500             0             1          3 150.631714            0 
            8           128           500             0             1          4 150.495605            0 
            8           128           500             0             1          5 150.683472            0 
            8           128           500             0             1          6 152.724487            0 
            8           128           500             0             1          7 150.382568            0 
            8           128           500             0             1          8 150.176514            0 
            8           128           500             0             1          9 150.653564            0 
            8           128           500             0             1         10 150.985474            0 
            8           128           500             0             1         11 150.618774            0 
            8           128           500             0             1         12 149.737549            0 
            8           128           500             0             1         13 151.006470            0 
            8           128           500             0             1         14 149.623657            0 
            8           128           500             0             1         15 150.427612            0 
            8           128           500             0             1         16 149.471802            0 
            8           128           500             0             1         17 150.394531            0 
            8           128           500             0             1         18 152.365356            0 
            8           128           500             0             1         19 150.632568            0 
            8           128           500             0             1         20 150.467651            0 
            8           128           500             0             1         21 150.585571            0 
            8           128           500             0             1         22 150.631592            0 
            8           128           500             0             1         23 150.461548            0 
            8           128           500             0             1         24 151.169556            0 
            8           128           500             0             1         25 150.680542            0 
            8           128           500             0             1         26 150.457397            0 
            8           128           500             0             1         27 150.511597            0 
            8           128           500             0             1         28 151.336548            0 
            8           128           500             0             1         29 150.514526            0 
            8           128           500             0             1         30 152.747437            0 
            8           128           500             0             1         31 150.175537            0 
            8           128           500             0             1         32 150.898438            0 
            8           128           500             0             1         33 150.651489            0 
            8           128           500             0             1         34 149.635742            0 
            8           128           500             0             1         35 150.764648            0 
            8           128           500             0             1         36 149.586670            0 
            8           128           500             0             1         37 150.630493            0 
            8           128           500             0             1         38 152.203369            0 
            8           128           500             0             1         39 150.213501            0 
            8           128           500             0             1         40 152.107666            0 
            8           128           500             0             1         41 199.107300            0 
            8           128           500             0             1         42 149.739746            0 
            8           128           500             0             1         43 150.474487            0 
            8           128           500             0             1         44 151.178467            0 
            8           128           500             0             1         45 150.738647            0 
            8           128           500             0             1         46 151.840454            0 
            8           128           500             0             1         47 150.561646            0 
            8           128           500             0             1         48 150.271606            0 
            8           128           500             0             1         49 150.859619            0 
            8           128           500             0             1         50 150.566528            0 
            8           128           500             0             1         51 150.019531            0 
            8           128           500             0             1         52 151.769409            0 
            8           128           500             0             1         53 150.772583            0 
            8           128           500             0             1         54 152.698364            0 
            8           128           500             0             1         55 150.790527            0 
            8           128           500             0             1         56 150.740601            0 
            8           128           500             0             1         57 150.702637            0 
            8           128           500             0             1         58 152.856445            0 
            8           128           500             0             1         59 150.334595            0 
            8           128           500             0             1         60 152.391479            0 
            8           128           500             0             1         61 151.293579            0 
            8           128           500             0             1         62 150.556519            0 
            8           128           500             0             1         63 150.875610            0 
            8           128           500             0             1         64 152.701416            0 
            8           128           500             0             1         65 150.941406            0 
            8           128           500             0             1         66 150.849609            0 
            8           128           500             0             1         67 150.487671            0 
            8           128           500             0             1         68 152.059570            0 
            8           128           500             0             1         69 150.649658            0 
            8           128           500             0             1         70 149.934570            0 
            8           128           500             0             1         71 150.578491            0 
            8           128           500             0             1         72 151.612549            0 
            8           128           500             0             1         73 150.644531            0 
            8           128           500             0             1         74 149.909668            0 
            8           128           500             0             1         75 150.248535            0 
            8           128           500             0             1         76 152.224487            0 
            8           128           500             0             1         77 151.208374            0 
            8           128           500             0             1         78 153.036255            0 
            8           128           500             0             1         79 150.752563            0 
            8           128           500             0             1         80 152.304443            0 
            8           128           500             0             1         81 150.881592            0 
            8           128           500             0             1         82 150.659546            0 
            8           128           500             0             1         83 250.278687            0 
            8           128           500             0             1         84 152.735474            0 
            8           128           500             0             1         85 150.575562            0 
            8           128           500             0             1         86 151.082520            0 
            8           128           500             0             1         87 150.651611            0 
            8           128           500             0             1         88 151.973511            0 
            8           128           500             0             1         89 150.587646            0 
            8           128           500             0             1         90 151.447388            0 
            8           128           500             0             1         91 150.694580            0 
            8           128           500             0             1         92 150.137573            0 
            8           128           500             0             1         93 151.040527            0 
            8           128           500             0             1         94 151.424683            0 
            8           128           500             0             1         95 150.002563            0 
            8           128           500             0             1         96 152.424438            0 
            8           128           500             0             1         97 150.825684            0 
            8           128           500             0             1         98 151.775635            0 
            8           128           500             0             1         99 150.571655            0 
            8           128           500             0             1        100 150.869507            0 
            8           128           500             0             1        101 150.735474            0 
            8           128           500             0             1        102 152.569336            0 
            8           128           500             0             1        103 150.868530            0 
            8           128           500             0             1        104 151.303467            0 
            8           128           500             0             1        105 150.915649            0 
            8           128           500             0             1        106 150.677734            0 
            8           128           500             0             1        107 150.537476            0 
            8           128           500             0             1        108 151.164551            0 
            8           128           500             0             1        109 150.956543            0 
            8           128           500             0             1        110 150.343628            0 
            8           128           500             0             1        111 150.492676            0 
            8           128           500             0             1        112 152.024536            0 
            8           128           500             0             1        113 150.371460            0 
            8           128           500             0             1        114 151.312500            0 
            8           128           500             0             1        115 149.835815            0 
            8           128           500             0             1        116 151.133423            0 
            8           128           500             0             1        117 150.404541            0 
            8           128           500             0             1        118 152.803467            0 
            8           128           500             0             1        119 150.610596            0 
            8           128           500             0             1        120 150.192627            0 
            8           128           500             0             1        121 150.750610            0 
            8           128           500             0             1        122 150.474609            0 
            8           128           500             0             1        123 150.718628            0 
            8           128           500             0             1        124 150.038696            0 
            8           128           500             0             1        125 151.022705            0 
            8           128           500             0             1        126 150.022583            0 
            8           128           500             0             1        127 150.403564            0 
            8           128           500             0             1        128 152.476562            0 
            8           128           500             0             1        129 151.129517            0 
            8           128           500             0             1        130 150.982544            0 
            8           128           500             0             1        131 150.715576            0 
            8           128           500             0             1        132 152.070557            0 
            8           128           500             0             1        133 150.883545            0 
            8           128           500             0             1        134 150.878662            0 
            8           128           500             0             1        135 150.518555            0 
            8           128           500             0             1        136 150.513550            0 
            8           128           500             0             1        137 150.338623            0 
            8           128           500             0             1        138 150.481567            0 
            8           128           500             0             1        139 150.404541            0 
            8           128           500             0             1        140 150.614624            0 
            8           128           500             0             1        141 150.681519            0 
            8           128           500             0             1        142 152.326416            0 
            8           128           500             0             1        143 149.960693            0 
            8           128           500             0             1        144 150.802612            0 
            8           128           500             0             1        145 150.439575            0 
            8           128           500             0             1        146 149.991577            0 
            8           128           500             0             1        147 150.676392            0 
            8           128           500             0             1        148 149.652588            0 
            8           128           500             0             1        149 151.069458            0 
            8           128           500             0             1        150 149.664673            0 
            8           128           500             0             1        151 150.639526            0 
            8           128           500             0             1        152 151.166504            0 
            8           128           500             0             1        153 150.732422            0 
            8           128           500             0             1        154 149.801636            0 
            8           128           500             0             1        155 150.475586            0 
            8           128           500             0             1        156 151.473511            0 
            8           128           500             0             1        157 150.785522            0 
            8           128           500             0             1        158 149.824585            0 
            8           128           500             0             1        159 150.953491            0 
            8           128           500             0             1        160 151.700439            0 
            8           128           500             0             1        161 150.665649            0 
            8           128           500             0             1        162 151.013672            0 
            8           128           500             0             1        163 150.267578            0 
            8           128           500             0             1        164 151.299561            0 
            8           128           500             0             1        165 150.892578            0 
            8           128           500             0             1        166 230.944946            0 
            8           128           500             0             1        167 150.799561            0 
            8           128           500             0             1        168 150.036743            0 
            8           128           500             0             1        169 150.745605            0 
            8           128           500             0             1        170 150.051636            0 
            8           128           500             0             1        171 150.825562            0 
            8           128           500             0             1        172 151.894531            0 
            8           128           500             0             1        173 150.529541            0 
            8           128           500             0             1        174 149.712646            0 
            8           128           500             0             1        175 150.884521            0 
            8           128           500             0             1        176 149.978516            1 
            8           128           500             0             1        177 150.121582            0 
            8           128           500             0             1        178 150.328491            0 
            8           128           500             0             1        179 150.622681            0 
            8           128           500             0             1        180 149.640625            0 
            8           128           500             0             1        181 150.737671            0 
            8           128           500             0             1        182 151.034546            0 
            8           128           500             0             1        183 150.579590            0 
            8           128           500             0             1        184 151.178589            0 
            8           128           500             0             1        185 150.708496            0 
            8           128           500             0             1        186 151.026367            0 
            8           128           500             0             1        187 150.658569            0 
            8           128           500             0             1        188 151.723389            0 
            8           128           500             0             1        189 151.063477            0 
            8           128           500             0             1        190 150.390625            0 
            8           128           500             0             1        191 150.647583            0 
            8           128           500             0             1        192 150.745605            0 
            8           128           500             0             1        193 151.003662            0 
            8           128           500             0             1        194 151.655640            0 
            8           128           500             0             1        195 150.724609            0 
            8           128           500             0             1        196 149.705688            0 
            8           128           500             0             1        197 150.330566            0 
            8           128           500             0             1        198 150.911621            0 
            8           128           500             0             1        199 151.091553            0 
            8           128           500             0             1        200 150.190674            0 
            8           128           500             0             1        201 150.764526            0 
            8           128           500             0             1        202 149.977539            0 
            8           128           500             0             1        203 150.561646            0 
            8           128           500             0             1        204 149.985718            0 
            8           128           500             0             1        205 150.902588            0 
            8           128           500             0             1        206 151.119385            0 
            8           128           500             0             1        207 150.633545            0 
            8           128           500             0             1        208 151.978516            0 
            8           128           500             0             1        209 150.348633            0 
            8           128           500             0             1        210 151.749512            0 
            8           128           500             0             1        211 150.495605            0 
            8           128           500             0             1        212 150.546631            0 
            8           128           500             0             1        213 150.678467            0 
            8           128           500             0             1        214 153.233398            0 
            8           128           500             0             1        215 150.528564            0 
            8           128           500             0             1        216 153.258301            0 
            8           128           500             0             1        217 150.415527            0 
            8           128           500             0             1        218 151.097534            0 
            8           128           500             0             1        219 150.795654            0 
            8           128           500             0             1        220 149.503662            0 
            8           128           500             0             1        221 151.042480            0 
            8           128           500             0             1        222 150.057617            0 
            8           128           500             0             1        223 150.744629            0 
            8           128           500             0             1        224 152.723389            0 
            8           128           500             0             1        225 150.889648            0 
            8           128           500             0             1        226 150.519653            0 
            8           128           500             0             1        227 150.758545            0 
            8           128           500             0             1        228 152.192505            0 
            8           128           500             0             1        229 150.974487            0 
            8           128           500             0             1        230 151.339600            0 
            8           128           500             0             1        231 150.385620            0 
            8           128           500             0             1        232 151.903442            0 
            8           128           500             0             1        233 150.595703            0 
            8           128           500             0             1        234 153.056396            0 
            8           128           500             0             1        235 150.213623            0 
            8           128           500             0             1        236 150.015503            0 
            8           128           500             0             1        237 150.786621            0 
            8           128           500             0             1        238 152.023438            0 
            8           128           500             0             1        239 150.714722            0 
            8           128           500             0             1        240 149.785645            0 
            8           128           500             0             1        241 150.563599            0 
            8           128           500             0             1        242 150.203491            0 
            8           128           500             0             1        243 150.534546            0 
            8           128           500             0             1        244 150.778564            0 
            8           128           500             0             1        245 150.706543            0 
            8           128           500             0             1        246 151.185547            0 
            8           128           500             0             1        247 150.724487            0 
            8           128           500             0             1        248 150.053589            0 
            8           128           500             0             1        249 203.675903            0 
            8           128           500             0             1        250 150.461670            0 
            8           128           500             0             1        251 149.941650            0 
            8           128           500             0             1        252 152.548462            0 
            8           128           500             0             1        253 150.868530            0 
            8           128           500             0             1        254 150.215576            0 
            8           128           500             0             1        255 150.811646            0 
            8           128           500             0             1        256 151.603394            3 
            8           128           500             0             1        257 150.659546            0 
            8           128           500             0             1        258 152.702515            0 
            8           128           500             0             1        259 150.408691            0 
            8           128           500             0             1        260 149.973633            0 
            8           128           500             0             1        261 150.969482            0 
            8           128           500             0             1        262 150.663574            0 
            8           128           500             0             1        263 150.757568            0 
            8           128           500             0             1        264 150.591553            0 
            8           128           500             0             1        265 150.585571            0 
            8           128           500             0             1        266 150.027588            0 
            8           128           500             0             1        267 150.579590            0 
            8           128           500             0             1        268 150.876465            0 
            8           128           500             0             1        269 150.651611            0 
            8           128           500             0             1        270 149.734619            0 
            8           128           500             0             1        271 150.652466            0 
            8           128           500             0             1        272 149.672729            0 
            8           128           500             0             1        273 150.791626            0 
            8           128           500             0             1        274 150.939575            0 
            8           128           500             0             1        275 150.473633            0 
            8           128           500             0             1        276 150.048584            0 
            8           128           500             0             1        277 150.973633            0 
            8           128           500             0             1        278 152.046509            0 
            8           128           500             0             1        279 150.875488            0 
            8           128           500             0             1        280 150.252686            0 
            8           128           500             0             1        281 150.776489            0 
            8           128           500             0             1        282 149.623779            0 
            8           128           500             0             1        283 151.090576            0 
            8           128           500             0             1        284 151.298462            0 
            8           128           500             0             1        285 150.948364            0 
            8           128           500             0             1        286 149.652588            0 
            8           128           500             0             1        287 151.152588            0 
            8           128           500             0             1        288 151.767456            0 
            8           128           500             0             1        289 150.335571            0 
            8           128           500             0             1        290 152.270508            0 
            8           128           500             0             1        291 260.469116            0 
            8           128           500             0             1        292 150.628540            0 
            8           128           500             0             1        293 150.843506            0 
            8           128           500             0             1        294 152.413452            0 
            8           128           500             0             1        295 150.700439            0 
            8           128           500             0             1        296 150.123535            0 
            8           128           500             0             1        297 150.751587            0 
            8           128           500             0             1        298 152.466309            0 
            8           128           500             0             1        299 150.212524            0 
            8           128           500             0             1        300 150.567505            0 
            8           128           500             0             1        301 150.935547            0 
            8           128           500             0             1        302 151.151611            0 
            8           128           500             0             1        303 150.428589            0 
            8           128           500             0             1        304 152.770386            0 
            8           128           500             0             1        305 150.183594            0 
            8           128           500             0             1        306 151.868530            0 
            8           128           500             0             1        307 150.480713            0 
            8           128           500             0             1        308 150.905518            0 
            8           128           500             0             1        309 151.055542            0 
            8           128           500             0             1        310 150.850586            0 
            8           128           500             0             1        311 150.775635            0 
            8           128           500             0             1        312 152.323608            0 
            8           128           500             0             1        313 150.545532            0 
            8           128           500             0             1        314 152.857300            0 
            8           128           500             0             1        315 151.025513            0 
            8           128           500             0             1        316 151.159668            0 
            8           128           500             0             1        317 150.563477            0 
            8           128           500             0             1        318 153.091309            0 
            8           128           500             0             1        319 150.636597            0 
            8           128           500             0             1        320 150.193604            0 
            8           128           500             0             1        321 150.494629            0 
            8           128           500             0             1        322 150.626587            0 
            8           128           500             0             1        323 150.955444            0 
            8           128           500             0             1        324 152.785400            0 
            8           128           500             0             1        325 150.645630            0 
            8           128           500             0             1        326 152.338501            0 
            8           128           500             0             1        327 150.443604            0 
            8           128           500             0             1        328 151.112549            0 
            8           128           500             0             1        329 150.839600            0 
            8           128           500             0             1        330 150.644409            0 
            8           128           500             0             1        331 150.168579            0 
            8           128           500             0             1        332 150.489624            0 
            8           128           500             0             1        333 150.710571            0 
            8           128           500             0             1        334 151.679565            0 
            8           128           500             0             1        335 150.641602            0 
            8           128           500             0             1        336 152.010498            0 
            8           128           500             0             1        337 150.284668            0 
            8           128           500             0             1        338 150.529663            0 
            8           128           500             0             1        339 150.489624            0 
            8           128           500             0             1        340 150.824585            0 
            8           128           500             0             1        341 150.650635            0 
            8           128           500             0             1        342 150.173584            0 
            8           128           500             0             1        343 150.378540            0 
            8           128           500             0             1        344 151.019653            0 
            8           128           500             0             1        345 150.991577            0 
            8           128           500             0             1        346 150.521606            0 
            8           128           500             0             1        347 150.842529            0 
            8           128           500             0             1        348 151.540405            0 
            8           128           500             0             1        349 150.449585            0 
            8           128           500             0             1        350 150.003540            0 
            8           128           500             0             1        351 150.777588            0 
            8           128           500             0             1        352 150.220703            0 
            8           128           500             0             1        353 150.577515            0 
            8           128           500             0             1        354 151.204590            0 
            8           128           500             0             1        355 150.791626            0 
            8           128           500             0             1        356 149.799683            0 
            8           128           500             0             1        357 150.408691            0 
            8           128           500             0             1        358 152.679565            0 
            8           128           500             0             1        359 150.820557            0 
            8           128           500             0             1        360 152.359375            0 
            8           128           500             0             1        361 150.398682            0 
            8           128           500             0             1        362 151.557495            0 
            8           128           500             0             1        363 150.691528            0 
            8           128           500             0             1        364 152.846313            0 
            8           128           500             0             1        365 151.023560            0 
            8           128           500             0             1        366 150.505615            0 
            8           128           500             0             1        367 150.788574            0 
            8           128           500             0             1        368 151.926392            0 
            8           128           500             0             1        369 150.286743            0 
            8           128           500             0             1        370 150.627563            0 
            8           128           500             0             1        371 150.148560            0 
            8           128           500             0             1        372 152.045410            0 
            8           128           500             0             1        373 150.735596            0 
            8           128           500             0             1        374 183.127441            0 
            8           128           500             0             1        375 150.137573            0 
            8           128           500             0             1        376 149.456665            0 
            8           128           500             0             1        377 150.668457            0 
            8           128           500             0             1        378 150.586670            0 
            8           128           500             0             1        379 150.372559            0 
            8           128           500             0             1        380 149.788696            0 
            8           128           500             0             1        381 151.004517            0 
            8           128           500             0             1        382 152.961304            0 
            8           128           500             0             1        383 150.555542            0 
            8           128           500             0             1        384 150.753540            0 
            8           128           500             0             1        385 150.885620            0 
            8           128           500             0             1        386 150.599487            0 
            8           128           500             0             1        387 150.458496            0 
            8           128           500             0             1        388 149.529541            0 
            8           128           500             0             1        389 150.381592            0 
            8           128           500             0             1        390 151.264404            0 
            8           128           500             0             1        391 150.814697            0 
            8           128           500             0             1        392 151.550415            0 
            8           128           500             0             1        393 150.448608            0 
            8           128           500             0             1        394 153.199463            0 
            8           128           500             0             1        395 150.288574            0 
            8           128           500             0             1        396 150.079590            0 
            8           128           500             0             1        397 150.597534            0 
            8           128           500             0             1        398 151.565430            0 
            8           128           500             0             1        399 150.743652            0 
            8           128           500             0             1        400 149.607788            0 
            8           128           500             0             1        401 157.464966            0 
            8           128           500             0             1        402 151.480347            0 
            8           128           500             0             1        403 150.802612            0 
            8           128           500             0             1        404 152.191406            0 
            8           128           500             0             1        405 151.015503            0 
            8           128           500             0             1        406 150.517456            0 
            8           128           500             0             1        407 150.191650            0 
            8           128           500             0             1        408 150.109619            0 
            8           128           500             0             1        409 150.736450            0 
            8           128           500             0             1        410 150.342529            0 
            8           128           500             0             1        411 150.951660            0 
            8           128           500             0             1        412 151.297607            0 
            8           128           500             0             1        413 150.989624            0 
            8           128           500             0             1        414 150.765503            0 
            8           128           500             0             1        415 153.310303            0 
            8           128           500             0             1        416 150.151611            0 
            8           128           500             0             1        417 150.893555            0 
            8           128           500             0             1        418 150.478638            0 
            8           128           500             0             1        419 150.682495            0 
            8           128           500             0             1        420 150.435669            0 
            8           128           500             0             1        421 151.049683            0 
            8           128           500             0             1        422 150.307495            0 
            8           128           500             0             1        423 150.490723            0 
            8           128           500             0             1        424 152.940308            0 
            8           128           500             0             1        425 150.597412            0 
            8           128           500             0             1        426 150.532593            0 
            8           128           500             0             1        427 150.441650            0 
            8           128           500             0             1        428 150.285522            0 
            8           128           500             0             1        429 150.638672            0 
            8           128           500             0             1        430 151.222534            0 
            8           128           500             0             1        431 150.808472            0 
            8           128           500             0             1        432 150.381592            0 
            8           128           500             0             1        433 150.751587            0 
            8           128           500             0             1        434 151.250610            0 
            8           128           500             0             1        435 150.754639            0 
            8           128           500             0             1        436 150.976562            0 
            8           128           500             0             1        437 150.750488            0 
            8           128           500             0             1        438 149.788696            0 
            8           128           500             0             1        439 150.238525            0 
            8           128           500             0             1        440 149.949585            0 
            8           128           500             0             1        441 150.436523            0 
            8           128           500             0             1        442 150.593506            0 
            8           128           500             0             1        443 150.527588            0 
            8           128           500             0             1        444 152.467407            0 
            8           128           500             0             1        445 150.227539            0 
            8           128           500             0             1        446 151.863525            0 
            8           128           500             0             1        447 150.696533            0 
            8           128           500             0             1        448 151.891357            0 
            8           128           500             0             1        449 151.144531            0 
            8           128           500             0             1        450 153.124390            0 
            8           128           500             0             1        451 150.709473            0 
            8           128           500             0             1        452 151.441528            0 
            8           128           500             0             1        453 150.537720            0 
            8           128           500             0             1        454 149.995605            0 
            8           128           500             0             1        455 150.749512            0 
            8           128           500             0             1        456 150.808472            0 
            8           128           500             0             1        457 150.724609            0 
            8           128           500             0             1        458 151.637451            0 
            8           128           500             0             1        459 150.604614            0 
            8           128           500             0             1        460 149.554810            0 
            8           128           500             0             1        461 150.983521            0 
            8           128           500             0             1        462 150.235596            0 
            8           128           500             0             1        463 150.569702            0 
            8           128           500             0             1        464 149.549561            0 
            8           128           500             0             1        465 151.020508            0 
            8           128           500             0             1        466 151.401489            0 
            8           128           500             0             1        467 150.578491            0 
            8           128           500             0             1        468 152.377563            0 
            8           128           500             0             1        469 196.271362            0 
            8           128           500             0             1        470 151.131592            0 
            8           128           500             0             1        471 150.282593            0 
            8           128           500             0             1        472 150.709595            0 
            8           128           500             0             1        473 150.823608            0 
            8           128           500             0             1        474 151.721436            0 
            8           128           500             0             1        475 150.468628            0 
            8           128           500             0             1        476 152.463379            0 
            8           128           500             0             1        477 150.587524            0 
            8           128           500             0             1        478 150.871582            0 
            8           128           500             0             1        479 150.773438            0 
            8           128           500             0             1        480 149.468628            0 
            8           128           500             0             1        481 150.554565            0 
            8           128           500             0             1        482 151.004517            0 
            8           128           500             0             1        483 150.411621            0 
            8           128           500             0             1        484 149.783691            0 
            8           128           500             0             1        485 151.038574            0 
            8           128           500             0             1        486 153.374390            0 
            8           128           500             0             1        487 150.884644            0 
            8           128           500             0             1        488 151.953369            0 
            8           128           500             0             1        489 150.927490            0 
            8           128           500             0             1        490 151.477417            0 
            8           128           500             0             1        491 150.795532            0 
            8           128           500             0             1        492 150.933472            0 
            8           128           500             0             1        493 151.037598            0 
            8           128           500             0             1        494 151.973389            0 
            8           128           500             0             1        495 150.771606            0 
            8           128           500             0             1        496 151.115601            0 
            8           128           500             0             1        497 150.535522            0 
            8           128           500             0             1        498 152.123535            0 
            8           128           500             0             1        499 150.619629            0 
# Runtime: 1.890861 s (overhead: 0.000212 %) 500 records
