# Execution time and date (UTC): Fri Aug  9 15:22:44 2024
# Execution time and date (local): Fri Aug  9 18:22:44 2024
# MPI execution on rank 0 with 2 processes in world
# Reported time measurements are in microseconds
# pretty output format
     msg_size  window_size         runs   recv_index    num_peers       id         time     overhead 
            8             1           500             0             1          0 14.611938            0 
            8             1           500             0             1          1 10.862183            0 
            8             1           500             0             1          2 10.608276            0 
            8             1           500             0             1          3 10.599243            0 
            8             1           500             0             1          4 10.726318            0 
            8             1           500             0             1          5 10.474365            0 
            8             1           500             0             1          6 10.737183            0 
            8             1           500             0             1          7 10.852295            0 
            8             1           500             0             1          8 9.815308            0 
            8             1           500             0             1          9 9.735474            0 
            8             1           500             0             1         10 9.768188            0 
            8             1           500             0             1         11 9.822388            0 
            8             1           500             0             1         12 9.767334            0 
            8             1           500             0             1         13 9.700439            0 
            8             1           500             0             1         14 9.815308            0 
            8             1           500             0             1         15 10.034302            0 
            8             1           500             0             1         16 9.755371            0 
            8             1           500             0             1         17 9.935303            0 
            8             1           500             0             1         18 9.873291            0 
            8             1           500             0             1         19 10.035400            0 
            8             1           500             0             1         20 9.858398            0 
            8             1           500             0             1         21 9.813354            0 
            8             1           500             0             1         22 9.715332            0 
            8             1           500             0             1         23 10.064331            0 
            8             1           500             0             1         24 9.640381            0 
            8             1           500             0             1         25 9.831299            0 
            8             1           500             0             1         26 9.769531            0 
            8             1           500             0             1         27 9.879272            0 
            8             1           500             0             1         28 9.608276            0 
            8             1           500             0             1         29 9.654297            0 
            8             1           500             0             1         30 9.719360            0 
            8             1           500             0             1         31 10.037354            0 
            8             1           500             0             1         32 9.726318            0 
            8             1           500             0             1         33 9.956299            0 
            8             1           500             0             1         34 9.876343            0 
            8             1           500             0             1         35 9.988403            0 
            8             1           500             0             1         36 9.698486            0 
            8             1           500             0             1         37 9.808350            0 
            8             1           500             0             1         38 10.007324            0 
            8             1           500             0             1         39 10.031372            0 
            8             1           500             0             1         40 9.588257            0 
            8             1           500             0             1         41 9.757446            0 
            8             1           500             0             1         42 9.799316            0 
            8             1           500             0             1         43 9.671265            0 
            8             1           500             0             1         44 9.686279            0 
            8             1           500             0             1         45 9.636230            0 
            8             1           500             0             1         46 9.560425            0 
            8             1           500             0             1         47 10.025269            0 
            8             1           500             0             1         48 10.111328            0 
            8             1           500             0             1         49 9.977295            0 
            8             1           500             0             1         50 9.765259            0 
            8             1           500             0             1         51 9.882324            0 
            8             1           500             0             1         52 9.978394            0 
            8             1           500             0             1         53 9.819336            0 
            8             1           500             0             1         54 10.102417            0 
            8             1           500             0             1         55 10.228394            0 
            8             1           500             0             1         56 9.916382            0 
            8             1           500             0             1         57 9.747437            0 
            8             1           500             0             1         58 9.619263            0 
            8             1           500             0             1         59 9.841187            0 
            8             1           500             0             1         60 9.565430            0 
            8             1           500             0             1         61 9.595459            0 
            8             1           500             0             1         62 9.517456            0 
            8             1           500             0             1         63 9.787476            0 
            8             1           500             0             1         64 9.922363           10 
            8             1           500             0             1         65 9.812378            0 
            8             1           500             0             1         66 9.831299            0 
            8             1           500             0             1         67 9.942261            0 
            8             1           500             0             1         68 9.951294            0 
            8             1           500             0             1         69 9.861328            0 
            8             1           500             0             1         70 9.721313            0 
            8             1           500             0             1         71 9.917358            0 
            8             1           500             0             1         72 9.637329            0 
            8             1           500             0             1         73 9.775269            0 
            8             1           500             0             1         74 9.583252            0 
            8             1           500             0             1         75 9.932129            0 
            8             1           500             0             1         76 9.833374            0 
            8             1           500             0             1         77 9.875366            0 
            8             1           500             0             1         78 9.755371            0 
            8             1           500             0             1         79 9.830322            0 
            8             1           500             0             1         80 9.701416            0 
            8             1           500             0             1         81 9.785278            0 
            8             1           500             0             1         82 9.847290            0 
            8             1           500             0             1         83 10.018311            0 
            8             1           500             0             1         84 9.739380            0 
            8             1           500             0             1         85 9.850342            0 
            8             1           500             0             1         86 9.790283            0 
            8             1           500             0             1         87 10.177246            0 
            8             1           500             0             1         88 9.753418            0 
            8             1           500             0             1         89 9.877319            0 
            8             1           500             0             1         90 9.821411            0 
            8             1           500             0             1         91 9.773315            0 
            8             1           500             0             1         92 9.738281            0 
            8             1           500             0             1         93 9.804199            0 
            8             1           500             0             1         94 9.818359            0 
            8             1           500             0             1         95 10.143311            0 
            8             1           500             0             1         96 9.964355            0 
            8             1           500             0             1         97 9.968506            0 
            8             1           500             0             1         98 9.936401            0 
            8             1           500             0             1         99 10.030273            0 
            8             1           500             0             1        100 9.663208            0 
            8             1           500             0             1        101 9.857300            0 
            8             1           500             0             1        102 9.868408            0 
            8             1           500             0             1        103 9.967407            0 
            8             1           500             0             1        104 9.847290            0 
            8             1           500             0             1        105 12.581177            0 
            8             1           500             0             1        106 9.930420            0 
            8             1           500             0             1        107 9.818359            0 
            8             1           500             0             1        108 9.741333            0 
            8             1           500             0             1        109 9.743408            0 
            8             1           500             0             1        110 9.761353            0 
            8             1           500             0             1        111 9.864380            0 
            8             1           500             0             1        112 9.913330            0 
            8             1           500             0             1        113 9.842407            0 
            8             1           500             0             1        114 9.916382            0 
            8             1           500             0             1        115 10.091309            0 
            8             1           500             0             1        116 9.865479            0 
            8             1           500             0             1        117 9.787354            0 
            8             1           500             0             1        118 9.808228            0 
            8             1           500             0             1        119 10.025391            0 
            8             1           500             0             1        120 9.777344            0 
            8             1           500             0             1        121 9.825439            0 
            8             1           500             0             1        122 9.867432            0 
            8             1           500             0             1        123 10.017334            0 
            8             1           500             0             1        124 9.724365            0 
            8             1           500             0             1        125 9.719482            0 
            8             1           500             0             1        126 9.899292            0 
            8             1           500             0             1        127 10.181274            0 
            8             1           500             0             1        128 9.879395            0 
            8             1           500             0             1        129 9.837402            0 
            8             1           500             0             1        130 10.033203            0 
            8             1           500             0             1        131 9.979248            0 
            8             1           500             0             1        132 9.663330            0 
            8             1           500             0             1        133 9.611328            0 
            8             1           500             0             1        134 9.781250            0 
            8             1           500             0             1        135 10.188354            0 
            8             1           500             0             1        136 9.846191            0 
            8             1           500             0             1        137 9.986328            0 
            8             1           500             0             1        138 9.827271            0 
            8             1           500             0             1        139 9.935181            0 
            8             1           500             0             1        140 9.674438            0 
            8             1           500             0             1        141 9.696289            0 
            8             1           500             0             1        142 9.740356            0 
            8             1           500             0             1        143 10.019409            0 
            8             1           500             0             1        144 9.785278            0 
            8             1           500             0             1        145 9.765381            0 
            8             1           500             0             1        146 9.875366            0 
            8             1           500             0             1        147 9.998413            0 
            8             1           500             0             1        148 9.583374            0 
            8             1           500             0             1        149 9.647461            0 
            8             1           500             0             1        150 9.764282            0 
            8             1           500             0             1        151 10.138306            0 
            8             1           500             0             1        152 9.662231            0 
            8             1           500             0             1        153 9.885376            0 
            8             1           500             0             1        154 9.833374            0 
            8             1           500             0             1        155 9.980347            0 
            8             1           500             0             1        156 9.700317            0 
            8             1           500             0             1        157 9.714355            0 
            8             1           500             0             1        158 9.809326            0 
            8             1           500             0             1        159 9.955444            0 
            8             1           500             0             1        160 9.821289            0 
            8             1           500             0             1        161 9.677246            0 
            8             1           500             0             1        162 9.773438            0 
            8             1           500             0             1        163 9.954346            0 
            8             1           500             0             1        164 9.661499            0 
            8             1           500             0             1        165 9.818359            0 
            8             1           500             0             1        166 9.826416            0 
            8             1           500             0             1        167 9.994263            0 
            8             1           500             0             1        168 9.590454            0 
            8             1           500             0             1        169 9.684326            0 
            8             1           500             0             1        170 9.640381            0 
            8             1           500             0             1        171 9.787476            0 
            8             1           500             0             1        172 9.727417            0 
            8             1           500             0             1        173 9.849365            0 
            8             1           500             0             1        174 9.679443            0 
            8             1           500             0             1        175 10.089233            0 
            8             1           500             0             1        176 9.625366            0 
            8             1           500             0             1        177 9.690308            0 
            8             1           500             0             1        178 9.580322            0 
            8             1           500             0             1        179 9.899292            0 
            8             1           500             0             1        180 10.284302            0 
            8             1           500             0             1        181 9.850342            0 
            8             1           500             0             1        182 9.790283            0 
            8             1           500             0             1        183 10.154175            0 
            8             1           500             0             1        184 9.858276            0 
            8             1           500             0             1        185 9.598389            0 
            8             1           500             0             1        186 9.629272            0 
            8             1           500             0             1        187 9.828247            0 
            8             1           500             0             1        188 9.697388            0 
            8             1           500             0             1        189 9.734253            0 
            8             1           500             0             1        190 9.739258            0 
            8             1           500             0             1        191 10.078369            0 
            8             1           500             0             1        192 9.826294            0 
            8             1           500             0             1        193 9.708252            0 
            8             1           500             0             1        194 9.982422            0 
            8             1           500             0             1        195 9.904297            0 
            8             1           500             0             1        196 9.884399            0 
            8             1           500             0             1        197 9.888306            0 
            8             1           500             0             1        198 9.907349            0 
            8             1           500             0             1        199 10.187256            0 
            8             1           500             0             1        200 9.776367            0 
            8             1           500             0             1        201 9.820190            0 
            8             1           500             0             1        202 9.806274            0 
            8             1           500             0             1        203 9.890259            0 
            8             1           500             0             1        204 9.889282            0 
            8             1           500             0             1        205 9.873413            0 
            8             1           500             0             1        206 9.780396            0 
            8             1           500             0             1        207 9.843384            0 
            8             1           500             0             1        208 9.652344            0 
            8             1           500             0             1        209 9.755371            0 
            8             1           500             0             1        210 9.826416            0 
            8             1           500             0             1        211 10.062134            0 
            8             1           500             0             1        212 9.872314            0 
            8             1           500             0             1        213 9.986450            0 
            8             1           500             0             1        214 9.841431            0 
            8             1           500             0             1        215 10.266235            0 
            8             1           500             0             1        216 9.627319            0 
            8             1           500             0             1        217 9.750366            0 
            8             1           500             0             1        218 9.699341            0 
            8             1           500             0             1        219 9.872314            0 
            8             1           500             0             1        220 9.687378            0 
            8             1           500             0             1        221 9.750488            0 
            8             1           500             0             1        222 9.719360            0 
            8             1           500             0             1        223 10.121338            0 
            8             1           500             0             1        224 9.943237            0 
            8             1           500             0             1        225 9.958374            0 
            8             1           500             0             1        226 9.952271            0 
            8             1           500             0             1        227 10.014404            0 
            8             1           500             0             1        228 9.799316            0 
            8             1           500             0             1        229 9.881348            0 
            8             1           500             0             1        230 9.793335            0 
            8             1           500             0             1        231 9.891235            0 
            8             1           500             0             1        232 9.789307            0 
            8             1           500             0             1        233 9.813354            0 
            8             1           500             0             1        234 9.911255            0 
            8             1           500             0             1        235 10.028320            0 
            8             1           500             0             1        236 9.599365            0 
            8             1           500             0             1        237 9.645264            0 
            8             1           500             0             1        238 9.474487            0 
            8             1           500             0             1        239 9.911377            0 
            8             1           500             0             1        240 9.733276            0 
            8             1           500             0             1        241 9.833252            0 
            8             1           500             0             1        242 9.969238            0 
            8             1           500             0             1        243 10.283325            0 
            8             1           500             0             1        244 9.991333            0 
            8             1           500             0             1        245 9.864258            0 
            8             1           500             0             1        246 10.002319            0 
            8             1           500             0             1        247 10.170410            0 
            8             1           500             0             1        248 9.653320            0 
            8             1           500             0             1        249 12.125244            0 
            8             1           500             0             1        250 9.839355            0 
            8             1           500             0             1        251 9.767334            0 
            8             1           500             0             1        252 9.717407            0 
            8             1           500             0             1        253 9.584351            0 
            8             1           500             0             1        254 9.863281            0 
            8             1           500             0             1        255 9.903442            0 
            8             1           500             0             1        256 9.786377            0 
            8             1           500             0             1        257 9.747314            0 
            8             1           500             0             1        258 9.634399            0 
            8             1           500             0             1        259 9.990356            0 
            8             1           500             0             1        260 9.693237            0 
            8             1           500             0             1        261 9.843262            0 
            8             1           500             0             1        262 9.867310            0 
            8             1           500             0             1        263 10.194336            0 
            8             1           500             0             1        264 9.710327            0 
            8             1           500             0             1        265 9.767334            0 
            8             1           500             0             1        266 9.724365            0 
            8             1           500             0             1        267 9.928345            0 
            8             1           500             0             1        268 9.703369            0 
            8             1           500             0             1        269 9.768188            0 
            8             1           500             0             1        270 9.758423            0 
            8             1           500             0             1        271 10.239258            0 
            8             1           500             0             1        272 9.698242            0 
            8             1           500             0             1        273 9.688477            0 
            8             1           500             0             1        274 9.772339            0 
            8             1           500             0             1        275 9.952271            0 
            8             1           500             0             1        276 9.666260            0 
            8             1           500             0             1        277 9.688477            0 
            8             1           500             0             1        278 9.831299            0 
            8             1           500             0             1        279 10.006470            0 
            8             1           500             0             1        280 9.630371            0 
            8             1           500             0             1        281 9.793335            0 
            8             1           500             0             1        282 9.631348            0 
            8             1           500             0             1        283 9.976318            0 
            8             1           500             0             1        284 9.686279            0 
            8             1           500             0             1        285 9.843384            0 
            8             1           500             0             1        286 9.732422            0 
            8             1           500             0             1        287 9.929443            0 
            8             1           500             0             1        288 9.620483            0 
            8             1           500             0             1        289 9.771240            0 
            8             1           500             0             1        290 9.725342            0 
            8             1           500             0             1        291 9.945312            0 
            8             1           500             0             1        292 9.767334            0 
            8             1           500             0             1        293 9.777344            0 
            8             1           500             0             1        294 9.790283            0 
            8             1           500             0             1        295 9.945312            0 
            8             1           500             0             1        296 9.675415            0 
            8             1           500             0             1        297 9.766357            0 
            8             1           500             0             1        298 9.604492            0 
            8             1           500             0             1        299 9.790405            0 
            8             1           500             0             1        300 9.686401            0 
            8             1           500             0             1        301 9.858276            0 
            8             1           500             0             1        302 9.789429            0 
            8             1           500             0             1        303 10.120361            0 
            8             1           500             0             1        304 9.587402            0 
            8             1           500             0             1        305 9.820435            0 
            8             1           500             0             1        306 9.805420            0 
            8             1           500             0             1        307 9.895264            0 
            8             1           500             0             1        308 9.708374            0 
            8             1           500             0             1        309 9.655396            0 
            8             1           500             0             1        310 9.645386            0 
            8             1           500             0             1        311 10.302246            0 
            8             1           500             0             1        312 10.132202            0 
            8             1           500             0             1        313 9.891357            0 
            8             1           500             0             1        314 9.799316            0 
            8             1           500             0             1        315 9.931274            0 
            8             1           500             0             1        316 9.742310            0 
            8             1           500             0             1        317 9.843262            0 
            8             1           500             0             1        318 9.747437            0 
            8             1           500             0             1        319 10.194336            0 
            8             1           500             0             1        320 9.786377            0 
            8             1           500             0             1        321 9.888306            0 
            8             1           500             0             1        322 9.825439            0 
            8             1           500             0             1        323 9.899414            0 
            8             1           500             0             1        324 9.844238            0 
            8             1           500             0             1        325 9.865356            0 
            8             1           500             0             1        326 9.868408            0 
            8             1           500             0             1        327 9.985229            0 
            8             1           500             0             1        328 10.007324            0 
            8             1           500             0             1        329 10.018433            0 
            8             1           500             0             1        330 9.809326            0 
            8             1           500             0             1        331 9.955444            0 
            8             1           500             0             1        332 9.850464            0 
            8             1           500             0             1        333 9.904297            0 
            8             1           500             0             1        334 9.760254            0 
            8             1           500             0             1        335 10.152222            0 
            8             1           500             0             1        336 9.746338            0 
            8             1           500             0             1        337 9.667358            0 
            8             1           500             0             1        338 9.667358            0 
            8             1           500             0             1        339 9.788452            0 
            8             1           500             0             1        340 9.735474            0 
            8             1           500             0             1        341 9.857178            0 
            8             1           500             0             1        342 9.759277            0 
            8             1           500             0             1        343 10.248413            0 
            8             1           500             0             1        344 9.666382            0 
            8             1           500             0             1        345 9.775269            0 
            8             1           500             0             1        346 9.862427            0 
            8             1           500             0             1        347 9.906250            0 
            8             1           500             0             1        348 9.815308            0 
            8             1           500             0             1        349 9.797363            0 
            8             1           500             0             1        350 9.822266            0 
            8             1           500             0             1        351 10.211304            0 
            8             1           500             0             1        352 9.747192            0 
            8             1           500             0             1        353 9.814331            0 
            8             1           500             0             1        354 9.661255            0 
            8             1           500             0             1        355 9.988281            0 
            8             1           500             0             1        356 9.892334            0 
            8             1           500             0             1        357 9.734375            0 
            8             1           500             0             1        358 9.948242            0 
            8             1           500             0             1        359 10.332397            0 
            8             1           500             0             1        360 9.537354            0 
            8             1           500             0             1        361 9.788330            0 
            8             1           500             0             1        362 9.692383            0 
            8             1           500             0             1        363 9.802368            0 
            8             1           500             0             1        364 12.398193            0 
            8             1           500             0             1        365 9.903320            0 
            8             1           500             0             1        366 10.011353            0 
            8             1           500             0             1        367 10.003296            0 
            8             1           500             0             1        368 9.751343            0 
            8             1           500             0             1        369 9.784302            0 
            8             1           500             0             1        370 9.694336            0 
            8             1           500             0             1        371 9.905273            0 
            8             1           500             0             1        372 9.846313            0 
            8             1           500             0             1        373 9.885254            0 
            8             1           500             0             1        374 9.819458            0 
            8             1           500             0             1        375 10.183350            0 
            8             1           500             0             1        376 9.685303            0 
            8             1           500             0             1        377 9.755249            0 
            8             1           500             0             1        378 9.665405            0 
            8             1           500             0             1        379 9.850464            0 
            8             1           500             0             1        380 9.673340            0 
            8             1           500             0             1        381 9.842285            0 
            8             1           500             0             1        382 9.574341            0 
            8             1           500             0             1        383 10.000366            0 
            8             1           500             0             1        384 9.752441            0 
            8             1           500             0             1        385 9.814331            0 
            8             1           500             0             1        386 9.882324            0 
            8             1           500             0             1        387 10.005249            0 
            8             1           500             0             1        388 9.736450            0 
            8             1           500             0             1        389 9.857422            0 
            8             1           500             0             1        390 9.874268            0 
            8             1           500             0             1        391 9.938232            0 
            8             1           500             0             1        392 9.685547            0 
            8             1           500             0             1        393 9.647461            0 
            8             1           500             0             1        394 9.651367            0 
            8             1           500             0             1        395 9.901367            0 
            8             1           500             0             1        396 9.726318            0 
            8             1           500             0             1        397 9.789307            0 
            8             1           500             0             1        398 9.844360            0 
            8             1           500             0             1        399 10.089355            0 
            8             1           500             0             1        400 9.596313            0 
            8             1           500             0             1        401 9.670288            0 
            8             1           500             0             1        402 9.691406            0 
            8             1           500             0             1        403 9.875366            0 
            8             1           500             0             1        404 9.668335            0 
            8             1           500             0             1        405 9.656372            0 
            8             1           500             0             1        406 9.748413            0 
            8             1           500             0             1        407 9.925293            0 
            8             1           500             0             1        408 9.730469            0 
            8             1           500             0             1        409 9.788330            0 
            8             1           500             0             1        410 9.766235            0 
            8             1           500             0             1        411 9.951294            0 
            8             1           500             0             1        412 9.729370            0 
            8             1           500             0             1        413 9.770386            0 
            8             1           500             0             1        414 9.786377            0 
            8             1           500             0             1        415 9.989258            0 
            8             1           500             0             1        416 9.686401            0 
            8             1           500             0             1        417 9.797241            0 
            8             1           500             0             1        418 9.882324            0 
            8             1           500             0             1        419 10.028198            0 
            8             1           500             0             1        420 9.619385            0 
            8             1           500             0             1        421 9.684326            0 
            8             1           500             0             1        422 9.982422            0 
            8             1           500             0             1        423 10.054199            0 
            8             1           500             0             1        424 9.651245            0 
            8             1           500             0             1        425 9.894287            0 
            8             1           500             0             1        426 9.655518            0 
            8             1           500             0             1        427 9.855347            0 
            8             1           500             0             1        428 9.681274            0 
            8             1           500             0             1        429 9.722412            0 
            8             1           500             0             1        430 9.609253            0 
            8             1           500             0             1        431 10.005249            0 
            8             1           500             0             1        432 9.810303            0 
            8             1           500             0             1        433 9.885376            0 
            8             1           500             0             1        434 9.791260            0 
            8             1           500             0             1        435 9.969360            0 
            8             1           500             0             1        436 9.591309            0 
            8             1           500             0             1        437 9.721313            0 
            8             1           500             0             1        438 9.566406            0 
            8             1           500             0             1        439 9.995239            0 
            8             1           500             0             1        440 9.919434            0 
            8             1           500             0             1        441 9.743286            0 
            8             1           500             0             1        442 9.673218            0 
            8             1           500             0             1        443 9.905396            0 
            8             1           500             0             1        444 9.705322            0 
            8             1           500             0             1        445 9.708252            0 
            8             1           500             0             1        446 9.645386            0 
            8             1           500             0             1        447 10.084229            0 
            8             1           500             0             1        448 9.890259            0 
            8             1           500             0             1        449 9.737305            0 
            8             1           500             0             1        450 9.854370            0 
            8             1           500             0             1        451 9.870361            0 
            8             1           500             0             1        452 9.768311            0 
            8             1           500             0             1        453 10.021362            0 
            8             1           500             0             1        454 9.629395            0 
            8             1           500             0             1        455 9.908325            0 
            8             1           500             0             1        456 9.738159            0 
            8             1           500             0             1        457 9.861328            0 
            8             1           500             0             1        458 9.794312            0 
            8             1           500             0             1        459 9.835449            0 
            8             1           500             0             1        460 9.850342            0 
            8             1           500             0             1        461 9.955200            0 
            8             1           500             0             1        462 9.841431            0 
            8             1           500             0             1        463 9.851196            0 
            8             1           500             0             1        464 9.614258            0 
            8             1           500             0             1        465 9.808472            0 
            8             1           500             0             1        466 9.648438            0 
            8             1           500             0             1        467 10.086304            0 
            8             1           500             0             1        468 9.817261            0 
            8             1           500             0             1        469 9.749390            0 
            8             1           500             0             1        470 9.757202            0 
            8             1           500             0             1        471 9.977295            0 
            8             1           500             0             1        472 9.830322            0 
            8             1           500             0             1        473 9.824341            0 
            8             1           500             0             1        474 9.617310            0 
            8             1           500             0             1        475 9.802368            0 
            8             1           500             0             1        476 9.733398            0 
            8             1           500             0             1        477 9.791260            0 
            8             1           500             0             1        478 9.801270            0 
            8             1           500             0             1        479 10.150269            0 
            8             1           500             0             1        480 10.017212            0 
            8             1           500             0             1        481 9.776245            0 
            8             1           500             0             1        482 9.824463            0 
            8             1           500             0             1        483 9.966309            0 
            8             1           500             0             1        484 9.839355            0 
            8             1           500             0             1        485 9.868164            0 
            8             1           500             0             1        486 9.912231            0 
            8             1           500             0             1        487 10.063232            0 
            8             1           500             0             1        488 9.849243            0 
            8             1           500             0             1        489 9.818237            0 
            8             1           500             0             1        490 9.802368            0 
            8             1           500             0             1        491 9.913452            0 
            8             1           500             0             1        492 9.916260            0 
            8             1           500             0             1        493 9.713379            0 
            8             1           500             0             1        494 9.716431            0 
            8             1           500             0             1        495 9.880249            0 
            8             1           500             0             1        496 9.759277            0 
            8             1           500             0             1        497 9.834351            0 
            8             1           500             0             1        498 9.893433            0 
            8             1           500             0             1        499 10.048340            0 
# Runtime: 0.054463 s (overhead: 0.018361 %) 500 records
