# Execution time and date (UTC): Fri Aug  9 15:21:11 2024
# Execution time and date (local): Fri Aug  9 18:21:11 2024
# MPI execution on rank 0 with 2 processes in world
# Reported time measurements are in microseconds
# pretty output format
     msg_size  window_size         runs   recv_index    num_peers       id         time     overhead 
            8             1           500             0             1          0 14.092041            0 
            8             1           500             0             1          1 9.985474            0 
            8             1           500             0             1          2 10.095337            0 
            8             1           500             0             1          3 10.114258            0 
            8             1           500             0             1          4 10.141357            0 
            8             1           500             0             1          5 10.126343            0 
            8             1           500             0             1          6 10.205444            0 
            8             1           500             0             1          7 10.172363            0 
            8             1           500             0             1          8 10.030396            0 
            8             1           500             0             1          9 10.184326            0 
            8             1           500             0             1         10 10.197266            0 
            8             1           500             0             1         11 9.844360            0 
            8             1           500             0             1         12 10.111328            0 
            8             1           500             0             1         13 9.823242            0 
            8             1           500             0             1         14 9.944336            0 
            8             1           500             0             1         15 10.109375            0 
            8             1           500             0             1         16 9.915283            0 
            8             1           500             0             1         17 9.976196            0 
            8             1           500             0             1         18 9.978271            0 
            8             1           500             0             1         19 9.872314            0 
            8             1           500             0             1         20 10.056396            0 
            8             1           500             0             1         21 10.048218            0 
            8             1           500             0             1         22 10.170288            0 
            8             1           500             0             1         23 10.341309            0 
            8             1           500             0             1         24 10.072266            0 
            8             1           500             0             1         25 10.068237            0 
            8             1           500             0             1         26 10.250366            0 
            8             1           500             0             1         27 9.941406            0 
            8             1           500             0             1         28 10.158203            0 
            8             1           500             0             1         29 9.804443            0 
            8             1           500             0             1         30 9.885254            0 
            8             1           500             0             1         31 10.108276            0 
            8             1           500             0             1         32 10.058350            0 
            8             1           500             0             1         33 10.050415            0 
            8             1           500             0             1         34 10.084473            0 
            8             1           500             0             1         35 9.986206            0 
            8             1           500             0             1         36 9.991333            0 
            8             1           500             0             1         37 9.883423            0 
            8             1           500             0             1         38 10.061401            0 
            8             1           500             0             1         39 10.120361            0 
            8             1           500             0             1         40 9.999268            0 
            8             1           500             0             1         41 10.118286            0 
            8             1           500             0             1         42 10.106323            0 
            8             1           500             0             1         43 10.109375            0 
            8             1           500             0             1         44 9.840332            0 
            8             1           500             0             1         45 9.741211            0 
            8             1           500             0             1         46 9.780273            0 
            8             1           500             0             1         47 14.171021            0 
            8             1           500             0             1         48 10.061279            0 
            8             1           500             0             1         49 10.263306            0 
            8             1           500             0             1         50 10.218384            0 
            8             1           500             0             1         51 9.983398            0 
            8             1           500             0             1         52 9.946167            0 
            8             1           500             0             1         53 10.063232            0 
            8             1           500             0             1         54 10.287231            0 
            8             1           500             0             1         55 10.036255            0 
            8             1           500             0             1         56 10.126343            0 
            8             1           500             0             1         57 10.060303            0 
            8             1           500             0             1         58 10.232300            0 
            8             1           500             0             1         59 9.933350            0 
            8             1           500             0             1         60 9.955322            0 
            8             1           500             0             1         61 10.107300            0 
            8             1           500             0             1         62 9.879272            0 
            8             1           500             0             1         63 10.138306            0 
            8             1           500             0             1         64 10.095215           10 
            8             1           500             0             1         65 9.834351            0 
            8             1           500             0             1         66 10.014404            0 
            8             1           500             0             1         67 10.045288            0 
            8             1           500             0             1         68 9.991333            0 
            8             1           500             0             1         69 9.921265            0 
            8             1           500             0             1         70 10.209351            0 
            8             1           500             0             1         71 9.958252            0 
            8             1           500             0             1         72 9.936401            0 
            8             1           500             0             1         73 10.000488            0 
            8             1           500             0             1         74 10.039307            0 
            8             1           500             0             1         75 10.053223            0 
            8             1           500             0             1         76 10.197144            0 
            8             1           500             0             1         77 9.965332            0 
            8             1           500             0             1         78 10.052368            0 
            8             1           500             0             1         79 9.911377            0 
            8             1           500             0             1         80 9.913330            0 
            8             1           500             0             1         81 9.877441            0 
            8             1           500             0             1         82 9.914307            0 
            8             1           500             0             1         83 9.961304            0 
            8             1           500             0             1         84 9.955322            0 
            8             1           500             0             1         85 10.055298            0 
            8             1           500             0             1         86 10.245361            0 
            8             1           500             0             1         87 9.877441            0 
            8             1           500             0             1         88 9.937378            0 
            8             1           500             0             1         89 9.837402            0 
            8             1           500             0             1         90 10.115356            0 
            8             1           500             0             1         91 10.068359            0 
            8             1           500             0             1         92 10.128296            0 
            8             1           500             0             1         93 9.867310            0 
            8             1           500             0             1         94 10.107300            0 
            8             1           500             0             1         95 10.059326            0 
            8             1           500             0             1         96 10.016357            0 
            8             1           500             0             1         97 9.896362            0 
            8             1           500             0             1         98 10.042236            0 
            8             1           500             0             1         99 9.969360            0 
            8             1           500             0             1        100 9.961304            0 
            8             1           500             0             1        101 9.851318            0 
            8             1           500             0             1        102 10.184204            0 
            8             1           500             0             1        103 10.103271            0 
            8             1           500             0             1        104 10.033325            0 
            8             1           500             0             1        105 10.102295            0 
            8             1           500             0             1        106 10.079224            0 
            8             1           500             0             1        107 10.058350            0 
            8             1           500             0             1        108 9.941406            0 
            8             1           500             0             1        109 9.891235            0 
            8             1           500             0             1        110 9.848389            0 
            8             1           500             0             1        111 9.990479            0 
            8             1           500             0             1        112 10.005249            0 
            8             1           500             0             1        113 10.010376            0 
            8             1           500             0             1        114 10.058228            0 
            8             1           500             0             1        115 9.898193            0 
            8             1           500             0             1        116 9.693237            0 
            8             1           500             0             1        117 9.760376            0 
            8             1           500             0             1        118 9.989136            0 
            8             1           500             0             1        119 10.085205            0 
            8             1           500             0             1        120 10.116211            0 
            8             1           500             0             1        121 10.290283            0 
            8             1           500             0             1        122 10.337280            0 
            8             1           500             0             1        123 10.159424            0 
            8             1           500             0             1        124 9.999268            0 
            8             1           500             0             1        125 9.814331            0 
            8             1           500             0             1        126 9.882202            0 
            8             1           500             0             1        127 10.090210            0 
            8             1           500             0             1        128 10.221313            0 
            8             1           500             0             1        129 10.155273            0 
            8             1           500             0             1        130 10.182251            0 
            8             1           500             0             1        131 10.184448            0 
            8             1           500             0             1        132 11.079346            0 
            8             1           500             0             1        133 9.931396            0 
            8             1           500             0             1        134 10.235474            0 
            8             1           500             0             1        135 10.197388            0 
            8             1           500             0             1        136 9.939331            0 
            8             1           500             0             1        137 10.049438            0 
            8             1           500             0             1        138 9.941284            0 
            8             1           500             0             1        139 10.143311            0 
            8             1           500             0             1        140 9.967285            0 
            8             1           500             0             1        141 9.784424            0 
            8             1           500             0             1        142 10.006226            0 
            8             1           500             0             1        143 9.837280            0 
            8             1           500             0             1        144 10.038208            0 
            8             1           500             0             1        145 10.128296            0 
            8             1           500             0             1        146 10.226318            0 
            8             1           500             0             1        147 10.207397            0 
            8             1           500             0             1        148 10.030396            0 
            8             1           500             0             1        149 10.106201            0 
            8             1           500             0             1        150 10.224365            0 
            8             1           500             0             1        151 9.929199            0 
            8             1           500             0             1        152 9.866333            0 
            8             1           500             0             1        153 10.023315            0 
            8             1           500             0             1        154 10.202148            0 
            8             1           500             0             1        155 10.074341            0 
            8             1           500             0             1        156 9.836426            0 
            8             1           500             0             1        157 9.819336            0 
            8             1           500             0             1        158 9.845337            0 
            8             1           500             0             1        159 10.213379            0 
            8             1           500             0             1        160 9.899414            0 
            8             1           500             0             1        161 10.133301            0 
            8             1           500             0             1        162 10.047363            0 
            8             1           500             0             1        163 10.039307            0 
            8             1           500             0             1        164 9.949463            0 
            8             1           500             0             1        165 9.986206            0 
            8             1           500             0             1        166 10.281250            0 
            8             1           500             0             1        167 10.193359            0 
            8             1           500             0             1        168 9.959351            0 
            8             1           500             0             1        169 9.981445            0 
            8             1           500             0             1        170 10.044434            0 
            8             1           500             0             1        171 9.894287            0 
            8             1           500             0             1        172 9.976440            0 
            8             1           500             0             1        173 9.840332            0 
            8             1           500             0             1        174 10.110352            0 
            8             1           500             0             1        175 10.081299            0 
            8             1           500             0             1        176 9.991211            0 
            8             1           500             0             1        177 10.046265            0 
            8             1           500             0             1        178 10.248291            0 
            8             1           500             0             1        179 10.103271            0 
            8             1           500             0             1        180 10.144409            0 
            8             1           500             0             1        181 10.131226            0 
            8             1           500             0             1        182 10.318359            0 
            8             1           500             0             1        183 10.336304            0 
            8             1           500             0             1        184 10.025269            0 
            8             1           500             0             1        185 9.969360            0 
            8             1           500             0             1        186 10.205444            0 
            8             1           500             0             1        187 9.987183            0 
            8             1           500             0             1        188 10.099365            0 
            8             1           500             0             1        189 9.761230            0 
            8             1           500             0             1        190 10.002319            0 
            8             1           500             0             1        191 9.972290            0 
            8             1           500             0             1        192 10.091431            0 
            8             1           500             0             1        193 10.037354            0 
            8             1           500             0             1        194 10.066284            0 
            8             1           500             0             1        195 9.970459            0 
            8             1           500             0             1        196 9.902344            0 
            8             1           500             0             1        197 9.935425            0 
            8             1           500             0             1        198 10.036255            0 
            8             1           500             0             1        199 10.051392            0 
            8             1           500             0             1        200 9.983398            0 
            8             1           500             0             1        201 10.077393            0 
            8             1           500             0             1        202 10.064331            0 
            8             1           500             0             1        203 10.065308            0 
            8             1           500             0             1        204 9.995239            0 
            8             1           500             0             1        205 9.880371            0 
            8             1           500             0             1        206 9.875244            0 
            8             1           500             0             1        207 10.037231            0 
            8             1           500             0             1        208 10.025391            0 
            8             1           500             0             1        209 10.011353            0 
            8             1           500             0             1        210 10.014282            0 
            8             1           500             0             1        211 9.928345            0 
            8             1           500             0             1        212 9.958496            0 
            8             1           500             0             1        213 9.845337            0 
            8             1           500             0             1        214 10.080322            0 
            8             1           500             0             1        215 9.966309            0 
            8             1           500             0             1        216 9.982300            0 
            8             1           500             0             1        217 9.863281            0 
            8             1           500             0             1        218 10.122314            0 
            8             1           500             0             1        219 10.044312            0 
            8             1           500             0             1        220 10.039307            0 
            8             1           500             0             1        221 9.852417            0 
            8             1           500             0             1        222 9.843262            0 
            8             1           500             0             1        223 10.039307            0 
            8             1           500             0             1        224 9.931396            0 
            8             1           500             0             1        225 9.907349            0 
            8             1           500             0             1        226 10.115356            0 
            8             1           500             0             1        227 9.983154            0 
            8             1           500             0             1        228 9.744507            0 
            8             1           500             0             1        229 9.914307            0 
            8             1           500             0             1        230 10.128296            0 
            8             1           500             0             1        231 9.932373            0 
            8             1           500             0             1        232 9.933350            0 
            8             1           500             0             1        233 10.076416            0 
            8             1           500             0             1        234 10.150269            0 
            8             1           500             0             1        235 9.975342            0 
            8             1           500             0             1        236 10.065186            0 
            8             1           500             0             1        237 9.853271            0 
            8             1           500             0             1        238 10.097290            0 
            8             1           500             0             1        239 10.030273            0 
            8             1           500             0             1        240 9.924438            0 
            8             1           500             0             1        241 9.994263            0 
            8             1           500             0             1        242 10.033325            0 
            8             1           500             0             1        243 9.967407            0 
            8             1           500             0             1        244 9.975342            0 
            8             1           500             0             1        245 10.048340            0 
            8             1           500             0             1        246 9.955322            0 
            8             1           500             0             1        247 9.970337            0 
            8             1           500             0             1        248 9.883423            0 
            8             1           500             0             1        249 10.004272            0 
            8             1           500             0             1        250 10.216431            0 
            8             1           500             0             1        251 10.029297            0 
            8             1           500             0             1        252 10.111328            0 
            8             1           500             0             1        253 9.764282            0 
            8             1           500             0             1        254 10.000366            0 
            8             1           500             0             1        255 10.077271            0 
            8             1           500             0             1        256 10.230469            0 
            8             1           500             0             1        257 10.013306            0 
            8             1           500             0             1        258 10.152222            0 
            8             1           500             0             1        259 10.044312            0 
            8             1           500             0             1        260 9.905396            0 
            8             1           500             0             1        261 10.043335            0 
            8             1           500             0             1        262 10.214233            0 
            8             1           500             0             1        263 10.137207            0 
            8             1           500             0             1        264 9.974365            0 
            8             1           500             0             1        265 9.718506            0 
            8             1           500             0             1        266 10.064331            0 
            8             1           500             0             1        267 9.962280            0 
            8             1           500             0             1        268 10.044312            0 
            8             1           500             0             1        269 9.893311            0 
            8             1           500             0             1        270 10.004517            0 
            8             1           500             0             1        271 9.961304            0 
            8             1           500             0             1        272 10.064331            0 
            8             1           500             0             1        273 10.140259            0 
            8             1           500             0             1        274 10.184326            0 
            8             1           500             0             1        275 10.030273            0 
            8             1           500             0             1        276 10.064331            0 
            8             1           500             0             1        277 10.062378            0 
            8             1           500             0             1        278 10.225342            0 
            8             1           500             0             1        279 10.057251            0 
            8             1           500             0             1        280 9.941284            0 
            8             1           500             0             1        281 9.825317            0 
            8             1           500             0             1        282 10.198242            0 
            8             1           500             0             1        283 10.029419            0 
            8             1           500             0             1        284 9.890381            0 
            8             1           500             0             1        285 9.791382            0 
            8             1           500             0             1        286 9.927246            0 
            8             1           500             0             1        287 9.967407            0 
            8             1           500             0             1        288 9.983398            0 
            8             1           500             0             1        289 9.973389            0 
            8             1           500             0             1        290 10.055298            0 
            8             1           500             0             1        291 10.234253            0 
            8             1           500             0             1        292 10.061279            0 
            8             1           500             0             1        293 9.939331            0 
            8             1           500             0             1        294 10.271240            0 
            8             1           500             0             1        295 10.037354            0 
            8             1           500             0             1        296 9.922363            0 
            8             1           500             0             1        297 10.015381            0 
            8             1           500             0             1        298 10.175415            0 
            8             1           500             0             1        299 10.130371            0 
            8             1           500             0             1        300 10.055298            0 
            8             1           500             0             1        301 9.870361            0 
            8             1           500             0             1        302 9.957397            0 
            8             1           500             0             1        303 9.918335            0 
            8             1           500             0             1        304 10.080322            0 
            8             1           500             0             1        305 10.106323            0 
            8             1           500             0             1        306 10.131226            0 
            8             1           500             0             1        307 9.987427            0 
            8             1           500             0             1        308 10.055298            0 
            8             1           500             0             1        309 10.164307            0 
            8             1           500             0             1        310 10.196289            0 
            8             1           500             0             1        311 9.982300            0 
            8             1           500             0             1        312 9.762329            0 
            8             1           500             0             1        313 9.754395            0 
            8             1           500             0             1        314 10.158325            0 
            8             1           500             0             1        315 10.069336            0 
            8             1           500             0             1        316 10.082275            0 
            8             1           500             0             1        317 9.783325            0 
            8             1           500             0             1        318 9.884155            0 
            8             1           500             0             1        319 9.876343            0 
            8             1           500             0             1        320 10.109375            0 
            8             1           500             0             1        321 10.038330            0 
            8             1           500             0             1        322 10.119385            0 
            8             1           500             0             1        323 10.013428            0 
            8             1           500             0             1        324 9.940430            0 
            8             1           500             0             1        325 9.914185            0 
            8             1           500             0             1        326 10.146240            0 
            8             1           500             0             1        327 9.962280            0 
            8             1           500             0             1        328 9.990479            0 
            8             1           500             0             1        329 9.787231            0 
            8             1           500             0             1        330 10.320312            0 
            8             1           500             0             1        331 10.190308            0 
            8             1           500             0             1        332 10.043457            0 
            8             1           500             0             1        333 9.918335            0 
            8             1           500             0             1        334 10.162231            0 
            8             1           500             0             1        335 10.025391            0 
            8             1           500             0             1        336 9.977295            0 
            8             1           500             0             1        337 10.013428            0 
            8             1           500             0             1        338 9.689209            0 
            8             1           500             0             1        339 9.935425            0 
            8             1           500             0             1        340 9.911377            0 
            8             1           500             0             1        341 9.919434            0 
            8             1           500             0             1        342 9.919312            0 
            8             1           500             0             1        343 9.750366            0 
            8             1           500             0             1        344 9.995483            0 
            8             1           500             0             1        345 9.947266            0 
            8             1           500             0             1        346 9.935425            0 
            8             1           500             0             1        347 10.208374            0 
            8             1           500             0             1        348 10.109375            0 
            8             1           500             0             1        349 9.871460            0 
            8             1           500             0             1        350 10.010376            0 
            8             1           500             0             1        351 10.055420            0 
            8             1           500             0             1        352 9.935425            0 
            8             1           500             0             1        353 9.923340            0 
            8             1           500             0             1        354 10.000366            0 
            8             1           500             0             1        355 9.869385            0 
            8             1           500             0             1        356 9.959351            0 
            8             1           500             0             1        357 9.912476            0 
            8             1           500             0             1        358 10.117310            0 
            8             1           500             0             1        359 9.915283            0 
            8             1           500             0             1        360 9.982300            0 
            8             1           500             0             1        361 10.159424            0 
            8             1           500             0             1        362 10.297241            0 
            8             1           500             0             1        363 10.038330            0 
            8             1           500             0             1        364 10.156250            0 
            8             1           500             0             1        365 9.970337            0 
            8             1           500             0             1        366 10.055298            0 
            8             1           500             0             1        367 10.007324            0 
            8             1           500             0             1        368 9.911255            0 
            8             1           500             0             1        369 10.050293            0 
            8             1           500             0             1        370 9.952271            0 
            8             1           500             0             1        371 9.911377            0 
            8             1           500             0             1        372 9.930298            0 
            8             1           500             0             1        373 9.829346            0 
            8             1           500             0             1        374 10.022339            0 
            8             1           500             0             1        375 10.005371            0 
            8             1           500             0             1        376 10.105347            0 
            8             1           500             0             1        377 10.069336            0 
            8             1           500             0             1        378 10.286255            0 
            8             1           500             0             1        379 10.077393            0 
            8             1           500             0             1        380 10.215210            0 
            8             1           500             0             1        381 9.868286            0 
            8             1           500             0             1        382 10.074341            0 
            8             1           500             0             1        383 10.178223            0 
            8             1           500             0             1        384 10.091309            0 
            8             1           500             0             1        385 9.829346            0 
            8             1           500             0             1        386 10.190430            0 
            8             1           500             0             1        387 10.030151            0 
            8             1           500             0             1        388 9.900391            0 
            8             1           500             0             1        389 9.817261            0 
            8             1           500             0             1        390 9.897339            0 
            8             1           500             0             1        391 12.040283            0 
            8             1           500             0             1        392 10.004272            0 
            8             1           500             0             1        393 9.964355            0 
            8             1           500             0             1        394 10.188232            0 
            8             1           500             0             1        395 10.076294            0 
            8             1           500             0             1        396 10.094360            0 
            8             1           500             0             1        397 9.895264            0 
            8             1           500             0             1        398 10.091309            0 
            8             1           500             0             1        399 10.029297            0 
            8             1           500             0             1        400 9.936279            0 
            8             1           500             0             1        401 9.864258            0 
            8             1           500             0             1        402 10.055298            0 
            8             1           500             0             1        403 9.855225            0 
            8             1           500             0             1        404 9.791382            0 
            8             1           500             0             1        405 9.750244            0 
            8             1           500             0             1        406 10.170410            0 
            8             1           500             0             1        407 9.932373            0 
            8             1           500             0             1        408 9.972290            0 
            8             1           500             0             1        409 10.124268            0 
            8             1           500             0             1        410 10.211182            0 
            8             1           500             0             1        411 10.103271            0 
            8             1           500             0             1        412 10.156250            0 
            8             1           500             0             1        413 9.892334            0 
            8             1           500             0             1        414 10.106201            0 
            8             1           500             0             1        415 10.105347            0 
            8             1           500             0             1        416 9.887329            0 
            8             1           500             0             1        417 9.877319            0 
            8             1           500             0             1        418 9.986328            0 
            8             1           500             0             1        419 10.047363            0 
            8             1           500             0             1        420 10.020386            0 
            8             1           500             0             1        421 9.868408            0 
            8             1           500             0             1        422 10.229248            0 
            8             1           500             0             1        423 9.841431            0 
            8             1           500             0             1        424 10.073364            0 
            8             1           500             0             1        425 10.078247            0 
            8             1           500             0             1        426 10.091309            0 
            8             1           500             0             1        427 10.131348            0 
            8             1           500             0             1        428 10.185303            0 
            8             1           500             0             1        429 9.945312            0 
            8             1           500             0             1        430 10.115234            0 
            8             1           500             0             1        431 9.970215            0 
            8             1           500             0             1        432 9.922363            0 
            8             1           500             0             1        433 10.018311            0 
            8             1           500             0             1        434 9.967407            0 
            8             1           500             0             1        435 10.006226            0 
            8             1           500             0             1        436 10.012329            0 
            8             1           500             0             1        437 9.705322            0 
            8             1           500             0             1        438 10.080322            0 
            8             1           500             0             1        439 9.858276            0 
            8             1           500             0             1        440 9.842285            0 
            8             1           500             0             1        441 10.041382            0 
            8             1           500             0             1        442 10.268311            0 
            8             1           500             0             1        443 10.122192            0 
            8             1           500             0             1        444 9.983276            0 
            8             1           500             0             1        445 9.934326            0 
            8             1           500             0             1        446 9.951294            0 
            8             1           500             0             1        447 10.126343            0 
            8             1           500             0             1        448 10.103271            0 
            8             1           500             0             1        449 10.028198            0 
            8             1           500             0             1        450 10.057373            0 
            8             1           500             0             1        451 10.005249            0 
            8             1           500             0             1        452 9.957275            0 
            8             1           500             0             1        453 9.959351            0 
            8             1           500             0             1        454 10.195312            0 
            8             1           500             0             1        455 9.989380            0 
            8             1           500             0             1        456 9.911255            0 
            8             1           500             0             1        457 10.028320            0 
            8             1           500             0             1        458 10.161377            0 
            8             1           500             0             1        459 10.123291            0 
            8             1           500             0             1        460 9.958374            0 
            8             1           500             0             1        461 9.710327            0 
            8             1           500             0             1        462 9.932251            0 
            8             1           500             0             1        463 10.055298            0 
            8             1           500             0             1        464 10.020264            0 
            8             1           500             0             1        465 10.093384            0 
            8             1           500             0             1        466 10.220337            0 
            8             1           500             0             1        467 9.927368            0 
            8             1           500             0             1        468 9.991333            0 
            8             1           500             0             1        469 10.040161            0 
            8             1           500             0             1        470 9.925293            0 
            8             1           500             0             1        471 10.005249            0 
            8             1           500             0             1        472 10.018311            0 
            8             1           500             0             1        473 10.162231            0 
            8             1           500             0             1        474 10.313354            0 
            8             1           500             0             1        475 10.057495            0 
            8             1           500             0             1        476 9.959229            0 
            8             1           500             0             1        477 9.749390            0 
            8             1           500             0             1        478 10.046265            0 
            8             1           500             0             1        479 10.024414            0 
            8             1           500             0             1        480 10.147339            0 
            8             1           500             0             1        481 10.071289            0 
            8             1           500             0             1        482 10.221313            0 
            8             1           500             0             1        483 9.956299            0 
            8             1           500             0             1        484 9.916382            0 
            8             1           500             0             1        485 9.849365            0 
            8             1           500             0             1        486 10.224365            0 
            8             1           500             0             1        487 18.583862            0 
            8             1           500             0             1        488 9.975220            0 
            8             1           500             0             1        489 10.176270            0 
            8             1           500             0             1        490 10.329346            0 
            8             1           500             0             1        491 10.041382            0 
            8             1           500             0             1        492 9.923218            0 
            8             1           500             0             1        493 9.873291            0 
            8             1           500             0             1        494 9.954346            0 
            8             1           500             0             1        495 10.038330            0 
            8             1           500             0             1        496 10.076294            0 
            8             1           500             0             1        497 9.965210            0 
            8             1           500             0             1        498 10.076294            0 
            8             1           500             0             1        499 10.009277            0 
# Runtime: 0.056626 s (overhead: 0.017660 %) 500 records
