# Execution time and date (UTC): Fri Aug  9 15:22:03 2024
# Execution time and date (local): Fri Aug  9 18:22:03 2024
# MPI execution on rank 0 with 2 processes in world
# Reported time measurements are in microseconds
# pretty output format
     msg_size  window_size         runs   recv_index    num_peers       id         time     overhead 
            8             1           500             0             1          0 14.450073            0 
            8             1           500             0             1          1 10.843140            0 
            8             1           500             0             1          2 12.612061            0 
            8             1           500             0             1          3 10.240234            0 
            8             1           500             0             1          4 9.995361            0 
            8             1           500             0             1          5 10.204346            0 
            8             1           500             0             1          6 10.079468            0 
            8             1           500             0             1          7 12.412109            0 
            8             1           500             0             1          8 9.803345            0 
            8             1           500             0             1          9 9.920288            0 
            8             1           500             0             1         10 9.713379            0 
            8             1           500             0             1         11 9.962402            0 
            8             1           500             0             1         12 10.172241            0 
            8             1           500             0             1         13 9.891357            0 
            8             1           500             0             1         14 10.021240            0 
            8             1           500             0             1         15 10.172363            0 
            8             1           500             0             1         16 9.951416            0 
            8             1           500             0             1         17 9.929321            0 
            8             1           500             0             1         18 9.686401            0 
            8             1           500             0             1         19 9.962280            0 
            8             1           500             0             1         20 9.707397            0 
            8             1           500             0             1         21 10.058228            0 
            8             1           500             0             1         22 9.999390            0 
            8             1           500             0             1         23 10.293213            0 
            8             1           500             0             1         24 9.821411            0 
            8             1           500             0             1         25 9.775269            0 
            8             1           500             0             1         26 9.813354            0 
            8             1           500             0             1         27 10.033203            0 
            8             1           500             0             1         28 9.721313            0 
            8             1           500             0             1         29 9.817261            0 
            8             1           500             0             1         30 9.636230            0 
            8             1           500             0             1         31 9.839233            0 
            8             1           500             0             1         32 9.697388            0 
            8             1           500             0             1         33 10.011353            0 
            8             1           500             0             1         34 9.880249            0 
            8             1           500             0             1         35 9.961304            0 
            8             1           500             0             1         36 9.929199            0 
            8             1           500             0             1         37 10.055298            0 
            8             1           500             0             1         38 9.782471            0 
            8             1           500             0             1         39 9.933228            0 
            8             1           500             0             1         40 9.606323            0 
            8             1           500             0             1         41 9.776367            0 
            8             1           500             0             1         42 9.759277            0 
            8             1           500             0             1         43 9.835327            0 
            8             1           500             0             1         44 9.821289            0 
            8             1           500             0             1         45 10.106201            0 
            8             1           500             0             1         46 9.996338            0 
            8             1           500             0             1         47 9.881226            0 
            8             1           500             0             1         48 9.732300            0 
            8             1           500             0             1         49 10.057373            0 
            8             1           500             0             1         50 9.854248            0 
            8             1           500             0             1         51 10.009277            0 
            8             1           500             0             1         52 9.934326            0 
            8             1           500             0             1         53 10.030396            0 
            8             1           500             0             1         54 9.799316            0 
            8             1           500             0             1         55 10.058228            0 
            8             1           500             0             1         56 9.740356            0 
            8             1           500             0             1         57 9.825317            0 
            8             1           500             0             1         58 9.675415            0 
            8             1           500             0             1         59 9.986328            0 
            8             1           500             0             1         60 9.960327            0 
            8             1           500             0             1         61 9.854370            0 
            8             1           500             0             1         62 9.635254            0 
            8             1           500             0             1         63 10.091309            0 
            8             1           500             0             1         64 9.815308           10 
            8             1           500             0             1         65 9.985352            0 
            8             1           500             0             1         66 9.941284            0 
            8             1           500             0             1         67 10.085205            0 
            8             1           500             0             1         68 9.856323            0 
            8             1           500             0             1         69 9.817383            0 
            8             1           500             0             1         70 9.818237            0 
            8             1           500             0             1         71 9.869263            0 
            8             1           500             0             1         72 9.833496            0 
            8             1           500             0             1         73 9.794189            0 
            8             1           500             0             1         74 9.811401            0 
            8             1           500             0             1         75 10.253296            0 
            8             1           500             0             1         76 9.983276            0 
            8             1           500             0             1         77 9.845337            0 
            8             1           500             0             1         78 9.917358            0 
            8             1           500             0             1         79 10.000244            0 
            8             1           500             0             1         80 9.638306            0 
            8             1           500             0             1         81 9.980347            0 
            8             1           500             0             1         82 9.949463            0 
            8             1           500             0             1         83 10.168457            0 
            8             1           500             0             1         84 9.845337            0 
            8             1           500             0             1         85 10.116211            0 
            8             1           500             0             1         86 9.955322            0 
            8             1           500             0             1         87 9.895264            0 
            8             1           500             0             1         88 12.928101            0 
            8             1           500             0             1         89 9.911255            0 
            8             1           500             0             1         90 9.883301            0 
            8             1           500             0             1         91 10.110352            0 
            8             1           500             0             1         92 9.786377            0 
            8             1           500             0             1         93 10.090332            0 
            8             1           500             0             1         94 9.777344            0 
            8             1           500             0             1         95 10.097290            0 
            8             1           500             0             1         96 9.666382            0 
            8             1           500             0             1         97 9.814209            0 
            8             1           500             0             1         98 9.742310            0 
            8             1           500             0             1         99 9.964355            0 
            8             1           500             0             1        100 9.754272            0 
            8             1           500             0             1        101 9.948364            0 
            8             1           500             0             1        102 9.732422            0 
            8             1           500             0             1        103 10.011230            0 
            8             1           500             0             1        104 9.834351            0 
            8             1           500             0             1        105 9.905273            0 
            8             1           500             0             1        106 9.945435            0 
            8             1           500             0             1        107 9.911377            0 
            8             1           500             0             1        108 9.827148            0 
            8             1           500             0             1        109 9.792480            0 
            8             1           500             0             1        110 9.950317            0 
            8             1           500             0             1        111 9.856445            0 
            8             1           500             0             1        112 9.763306            0 
            8             1           500             0             1        113 9.941284            0 
            8             1           500             0             1        114 9.645264            0 
            8             1           500             0             1        115 9.984375            0 
            8             1           500             0             1        116 16.676758            0 
            8             1           500             0             1        117 10.171265            0 
            8             1           500             0             1        118 9.921265            0 
            8             1           500             0             1        119 9.895264            0 
            8             1           500             0             1        120 9.738403            0 
            8             1           500             0             1        121 9.935181            0 
            8             1           500             0             1        122 9.731323            0 
            8             1           500             0             1        123 9.913208            0 
            8             1           500             0             1        124 9.827271            0 
            8             1           500             0             1        125 9.865234            0 
            8             1           500             0             1        126 10.067383            0 
            8             1           500             0             1        127 10.034302            0 
            8             1           500             0             1        128 9.859375            0 
            8             1           500             0             1        129 10.142334            0 
            8             1           500             0             1        130 9.727417            0 
            8             1           500             0             1        131 9.869263            0 
            8             1           500             0             1        132 9.755249            0 
            8             1           500             0             1        133 10.016357            0 
            8             1           500             0             1        134 9.847290            0 
            8             1           500             0             1        135 9.960327            0 
            8             1           500             0             1        136 9.891357            0 
            8             1           500             0             1        137 9.820312            0 
            8             1           500             0             1        138 9.878418            0 
            8             1           500             0             1        139 9.797363            0 
            8             1           500             0             1        140 9.835327            0 
            8             1           500             0             1        141 9.763428            0 
            8             1           500             0             1        142 9.742310            0 
            8             1           500             0             1        143 10.174316            0 
            8             1           500             0             1        144 9.806396            0 
            8             1           500             0             1        145 10.129272            0 
            8             1           500             0             1        146 10.089233            0 
            8             1           500             0             1        147 9.989258            0 
            8             1           500             0             1        148 9.718384            0 
            8             1           500             0             1        149 9.950317            0 
            8             1           500             0             1        150 9.939209            0 
            8             1           500             0             1        151 10.269287            0 
            8             1           500             0             1        152 9.836304            0 
            8             1           500             0             1        153 10.102295            0 
            8             1           500             0             1        154 9.950317            0 
            8             1           500             0             1        155 9.976318            0 
            8             1           500             0             1        156 9.635376            0 
            8             1           500             0             1        157 9.802368            0 
            8             1           500             0             1        158 9.631348            0 
            8             1           500             0             1        159 10.015259            0 
            8             1           500             0             1        160 9.939331            0 
            8             1           500             0             1        161 10.056274            0 
            8             1           500             0             1        162 9.973267            0 
            8             1           500             0             1        163 9.983276            0 
            8             1           500             0             1        164 9.842407            0 
            8             1           500             0             1        165 9.925293            0 
            8             1           500             0             1        166 9.700317            0 
            8             1           500             0             1        167 9.970337            0 
            8             1           500             0             1        168 9.757202            0 
            8             1           500             0             1        169 9.961304            0 
            8             1           500             0             1        170 9.865356            0 
            8             1           500             0             1        171 10.075317            0 
            8             1           500             0             1        172 9.865479            0 
            8             1           500             0             1        173 9.777222            0 
            8             1           500             0             1        174 9.861206            0 
            8             1           500             0             1        175 9.925293            0 
            8             1           500             0             1        176 9.903320            0 
            8             1           500             0             1        177 10.233276            0 
            8             1           500             0             1        178 10.001343            0 
            8             1           500             0             1        179 9.942261            0 
            8             1           500             0             1        180 9.713379            0 
            8             1           500             0             1        181 10.053223            0 
            8             1           500             0             1        182 10.155273            0 
            8             1           500             0             1        183 10.428223            0 
            8             1           500             0             1        184 9.662354            0 
            8             1           500             0             1        185 9.952393            0 
            8             1           500             0             1        186 9.598389            0 
            8             1           500             0             1        187 10.000366            0 
            8             1           500             0             1        188 9.705322            0 
            8             1           500             0             1        189 9.815308            0 
            8             1           500             0             1        190 9.663330            0 
            8             1           500             0             1        191 10.089355            0 
            8             1           500             0             1        192 9.691284            0 
            8             1           500             0             1        193 10.084229            0 
            8             1           500             0             1        194 9.817383            0 
            8             1           500             0             1        195 9.865234            0 
            8             1           500             0             1        196 9.873413            0 
            8             1           500             0             1        197 9.788330            0 
            8             1           500             0             1        198 9.839355            0 
            8             1           500             0             1        199 9.941284            0 
            8             1           500             0             1        200 9.795288            0 
            8             1           500             0             1        201 9.991333            0 
            8             1           500             0             1        202 9.904297            0 
            8             1           500             0             1        203 10.113159            0 
            8             1           500             0             1        204 9.876221            0 
            8             1           500             0             1        205 10.109253            0 
            8             1           500             0             1        206 9.928467            0 
            8             1           500             0             1        207 9.912354            0 
            8             1           500             0             1        208 9.837402            0 
            8             1           500             0             1        209 9.976318            0 
            8             1           500             0             1        210 9.923340            0 
            8             1           500             0             1        211 9.918335            0 
            8             1           500             0             1        212 9.847412            0 
            8             1           500             0             1        213 9.923218            0 
            8             1           500             0             1        214 9.691284            0 
            8             1           500             0             1        215 9.962402            0 
            8             1           500             0             1        216 9.973267            0 
            8             1           500             0             1        217 9.981323            0 
            8             1           500             0             1        218 9.621338            0 
            8             1           500             0             1        219 9.923340            0 
            8             1           500             0             1        220 10.051392            0 
            8             1           500             0             1        221 9.925415            0 
            8             1           500             0             1        222 9.701294            0 
            8             1           500             0             1        223 10.171387            0 
            8             1           500             0             1        224 9.883301            0 
            8             1           500             0             1        225 11.926147            0 
            8             1           500             0             1        226 9.877319            0 
            8             1           500             0             1        227 9.951294            0 
            8             1           500             0             1        228 9.756226            0 
            8             1           500             0             1        229 9.903442            0 
            8             1           500             0             1        230 9.708374            0 
            8             1           500             0             1        231 10.128296            0 
            8             1           500             0             1        232 9.846313            0 
            8             1           500             0             1        233 9.983398            0 
            8             1           500             0             1        234 9.901367            0 
            8             1           500             0             1        235 10.138184            0 
            8             1           500             0             1        236 9.630371            0 
            8             1           500             0             1        237 9.834351            0 
            8             1           500             0             1        238 9.832397            0 
            8             1           500             0             1        239 9.899292            0 
            8             1           500             0             1        240 9.693237            0 
            8             1           500             0             1        241 10.321289            0 
            8             1           500             0             1        242 9.955200            0 
            8             1           500             0             1        243 9.997314            0 
            8             1           500             0             1        244 9.805298            0 
            8             1           500             0             1        245 9.898315            0 
            8             1           500             0             1        246 9.697266            0 
            8             1           500             0             1        247 10.043213            0 
            8             1           500             0             1        248 10.101318            0 
            8             1           500             0             1        249 10.249390            0 
            8             1           500             0             1        250 10.060425            0 
            8             1           500             0             1        251 10.113159            0 
            8             1           500             0             1        252 10.024414            0 
            8             1           500             0             1        253 9.919434            0 
            8             1           500             0             1        254 9.682373            0 
            8             1           500             0             1        255 9.917358            0 
            8             1           500             0             1        256 10.033325            0 
            8             1           500             0             1        257 10.014282            0 
            8             1           500             0             1        258 9.694336            0 
            8             1           500             0             1        259 10.259399            0 
            8             1           500             0             1        260 9.833374            0 
            8             1           500             0             1        261 9.938354            0 
            8             1           500             0             1        262 9.885376            0 
            8             1           500             0             1        263 9.964355            0 
            8             1           500             0             1        264 10.062256            0 
            8             1           500             0             1        265 9.785278            0 
            8             1           500             0             1        266 9.927368            0 
            8             1           500             0             1        267 10.109375            0 
            8             1           500             0             1        268 9.856323            0 
            8             1           500             0             1        269 9.889404            0 
            8             1           500             0             1        270 9.995239            0 
            8             1           500             0             1        271 9.917358            0 
            8             1           500             0             1        272 9.838379            0 
            8             1           500             0             1        273 9.989380            0 
            8             1           500             0             1        274 9.897217            0 
            8             1           500             0             1        275 10.274292            0 
            8             1           500             0             1        276 9.779419            0 
            8             1           500             0             1        277 9.856323            0 
            8             1           500             0             1        278 10.054321            0 
            8             1           500             0             1        279 10.023438            0 
            8             1           500             0             1        280 9.728271            0 
            8             1           500             0             1        281 9.955322            0 
            8             1           500             0             1        282 9.726318            0 
            8             1           500             0             1        283 9.955322            0 
            8             1           500             0             1        284 9.747314            0 
            8             1           500             0             1        285 9.861450            0 
            8             1           500             0             1        286 9.692383            0 
            8             1           500             0             1        287 9.967285            0 
            8             1           500             0             1        288 9.831299            0 
            8             1           500             0             1        289 9.828369            0 
            8             1           500             0             1        290 9.668457            0 
            8             1           500             0             1        291 9.933228            0 
            8             1           500             0             1        292 9.689331            0 
            8             1           500             0             1        293 9.944214            0 
            8             1           500             0             1        294 9.809448            0 
            8             1           500             0             1        295 9.808350            0 
            8             1           500             0             1        296 9.796387            0 
            8             1           500             0             1        297 9.903320            0 
            8             1           500             0             1        298 9.940308            0 
            8             1           500             0             1        299 9.873169            0 
            8             1           500             0             1        300 9.752319            0 
            8             1           500             0             1        301 10.161377            0 
            8             1           500             0             1        302 9.878418            0 
            8             1           500             0             1        303 9.889404            0 
            8             1           500             0             1        304 9.781372            0 
            8             1           500             0             1        305 9.965332            0 
            8             1           500             0             1        306 10.001343            0 
            8             1           500             0             1        307 10.000244            0 
            8             1           500             0             1        308 9.867310            0 
            8             1           500             0             1        309 10.078369            0 
            8             1           500             0             1        310 9.910400            0 
            8             1           500             0             1        311 10.136230            0 
            8             1           500             0             1        312 9.694336            0 
            8             1           500             0             1        313 9.951294            0 
            8             1           500             0             1        314 9.693359            0 
            8             1           500             0             1        315 10.171509            0 
            8             1           500             0             1        316 9.836182            0 
            8             1           500             0             1        317 9.929321            0 
            8             1           500             0             1        318 9.782227            0 
            8             1           500             0             1        319 9.872314            0 
            8             1           500             0             1        320 9.854248            0 
            8             1           500             0             1        321 9.714355            0 
            8             1           500             0             1        322 9.947388            0 
            8             1           500             0             1        323 10.225342            0 
            8             1           500             0             1        324 9.807373            0 
            8             1           500             0             1        325 9.861450            0 
            8             1           500             0             1        326 9.856323            0 
            8             1           500             0             1        327 9.971191            0 
            8             1           500             0             1        328 9.794189            0 
            8             1           500             0             1        329 10.126221            0 
            8             1           500             0             1        330 9.886353            0 
            8             1           500             0             1        331 10.209229            0 
            8             1           500             0             1        332 9.887329            0 
            8             1           500             0             1        333 9.799438            0 
            8             1           500             0             1        334 9.920410            0 
            8             1           500             0             1        335 9.865356            0 
            8             1           500             0             1        336 9.688354            0 
            8             1           500             0             1        337 10.097290            0 
            8             1           500             0             1        338 10.053345            0 
            8             1           500             0             1        339 9.974365            0 
            8             1           500             0             1        340 9.930298            0 
            8             1           500             0             1        341 10.118286            0 
            8             1           500             0             1        342 10.099121            0 
            8             1           500             0             1        343 10.147217            0 
            8             1           500             0             1        344 9.643311            0 
            8             1           500             0             1        345 9.856323            0 
            8             1           500             0             1        346 9.686401            0 
            8             1           500             0             1        347 9.999146            0 
            8             1           500             0             1        348 9.735352            0 
            8             1           500             0             1        349 9.917236            0 
            8             1           500             0             1        350 9.737305            0 
            8             1           500             0             1        351 9.945435            0 
            8             1           500             0             1        352 9.771240            0 
            8             1           500             0             1        353 9.889404            0 
            8             1           500             0             1        354 9.629395            0 
            8             1           500             0             1        355 10.065308            0 
            8             1           500             0             1        356 9.917358            0 
            8             1           500             0             1        357 9.911377            0 
            8             1           500             0             1        358 9.811401            0 
            8             1           500             0             1        359 10.031372            0 
            8             1           500             0             1        360 9.909302            0 
            8             1           500             0             1        361 9.773193            0 
            8             1           500             0             1        362 9.912354            0 
            8             1           500             0             1        363 10.204346            0 
            8             1           500             0             1        364 9.774292            0 
            8             1           500             0             1        365 9.686401            0 
            8             1           500             0             1        366 9.951294            0 
            8             1           500             0             1        367 9.796265            0 
            8             1           500             0             1        368 9.729370            0 
            8             1           500             0             1        369 10.160400            0 
            8             1           500             0             1        370 9.992432            0 
            8             1           500             0             1        371 10.099365            0 
            8             1           500             0             1        372 9.937378            0 
            8             1           500             0             1        373 10.093262            0 
            8             1           500             0             1        374 9.977417            0 
            8             1           500             0             1        375 10.031250            0 
            8             1           500             0             1        376 9.710327            0 
            8             1           500             0             1        377 9.890381            0 
            8             1           500             0             1        378 9.648315            0 
            8             1           500             0             1        379 10.070190            0 
            8             1           500             0             1        380 9.658325            0 
            8             1           500             0             1        381 9.831299            0 
            8             1           500             0             1        382 9.614258            0 
            8             1           500             0             1        383 9.852417            0 
            8             1           500             0             1        384 9.843140            0 
            8             1           500             0             1        385 10.072266            0 
            8             1           500             0             1        386 9.877319            0 
            8             1           500             0             1        387 10.191162            0 
            8             1           500             0             1        388 9.799316            0 
            8             1           500             0             1        389 10.162231            0 
            8             1           500             0             1        390 9.885254            0 
            8             1           500             0             1        391 9.941284            0 
            8             1           500             0             1        392 9.672241            0 
            8             1           500             0             1        393 9.852295            0 
            8             1           500             0             1        394 9.568359            0 
            8             1           500             0             1        395 10.099365            0 
            8             1           500             0             1        396 9.882324            0 
            8             1           500             0             1        397 9.800293            0 
            8             1           500             0             1        398 9.603271            0 
            8             1           500             0             1        399 9.849365            0 
            8             1           500             0             1        400 9.659302            0 
            8             1           500             0             1        401 10.277344            0 
            8             1           500             0             1        402 10.027344            0 
            8             1           500             0             1        403 10.045410            0 
            8             1           500             0             1        404 9.799316            0 
            8             1           500             0             1        405 9.887207            0 
            8             1           500             0             1        406 10.026367            0 
            8             1           500             0             1        407 9.865234            0 
            8             1           500             0             1        408 9.712280            0 
            8             1           500             0             1        409 9.863403            0 
            8             1           500             0             1        410 9.709229            0 
            8             1           500             0             1        411 9.857422            0 
            8             1           500             0             1        412 9.725342            0 
            8             1           500             0             1        413 9.917358            0 
            8             1           500             0             1        414 9.709351            0 
            8             1           500             0             1        415 9.829346            0 
            8             1           500             0             1        416 9.942383            0 
            8             1           500             0             1        417 10.015259            0 
            8             1           500             0             1        418 9.828491            0 
            8             1           500             0             1        419 10.029297            0 
            8             1           500             0             1        420 9.840332            0 
            8             1           500             0             1        421 9.915405            0 
            8             1           500             0             1        422 9.782227            0 
            8             1           500             0             1        423 10.057251            0 
            8             1           500             0             1        424 9.744385            0 
            8             1           500             0             1        425 9.982300            0 
            8             1           500             0             1        426 9.830322            0 
            8             1           500             0             1        427 9.827393            0 
            8             1           500             0             1        428 9.832275            0 
            8             1           500             0             1        429 9.862427            0 
            8             1           500             0             1        430 9.604492            0 
            8             1           500             0             1        431 9.870361            0 
            8             1           500             0             1        432 9.879272            0 
            8             1           500             0             1        433 10.189331            0 
            8             1           500             0             1        434 10.005371            0 
            8             1           500             0             1        435 9.931274            0 
            8             1           500             0             1        436 9.795288            0 
            8             1           500             0             1        437 9.865234            0 
            8             1           500             0             1        438 10.003418            0 
            8             1           500             0             1        439 10.050293            0 
            8             1           500             0             1        440 9.742432            0 
            8             1           500             0             1        441 9.939209            0 
            8             1           500             0             1        442 9.634277            0 
            8             1           500             0             1        443 9.892212            0 
            8             1           500             0             1        444 9.736450            0 
            8             1           500             0             1        445 9.806396            0 
            8             1           500             0             1        446 9.627319            0 
            8             1           500             0             1        447 10.059326            0 
            8             1           500             0             1        448 9.820312            0 
            8             1           500             0             1        449 9.634277            0 
            8             1           500             0             1        450 9.670410            0 
            8             1           500             0             1        451 10.157471            0 
            8             1           500             0             1        452 9.863281            0 
            8             1           500             0             1        453 10.103271            0 
            8             1           500             0             1        454 9.830322            0 
            8             1           500             0             1        455 10.099243            0 
            8             1           500             0             1        456 9.691284            0 
            8             1           500             0             1        457 9.997314            0 
            8             1           500             0             1        458 9.648315            0 
            8             1           500             0             1        459 9.937378            0 
            8             1           500             0             1        460 9.956299            0 
            8             1           500             0             1        461 10.103394            0 
            8             1           500             0             1        462 9.962402            0 
            8             1           500             0             1        463 9.904297            0 
            8             1           500             0             1        464 9.758301            0 
            8             1           500             0             1        465 9.980347            0 
            8             1           500             0             1        466 9.996338            0 
            8             1           500             0             1        467 9.958374            0 
            8             1           500             0             1        468 9.679443            0 
            8             1           500             0             1        469 9.956299            0 
            8             1           500             0             1        470 9.975342            0 
            8             1           500             0             1        471 9.958252            0 
            8             1           500             0             1        472 9.924316            0 
            8             1           500             0             1        473 9.785278            0 
            8             1           500             0             1        474 9.655396            0 
            8             1           500             0             1        475 10.038330            0 
            8             1           500             0             1        476 10.091431            0 
            8             1           500             0             1        477 9.911255            0 
            8             1           500             0             1        478 9.666382            0 
            8             1           500             0             1        479 10.056396            0 
            8             1           500             0             1        480 9.702393            0 
            8             1           500             0             1        481 10.097412            0 
            8             1           500             0             1        482 9.663452            0 
            8             1           500             0             1        483 9.911377            0 
            8             1           500             0             1        484 9.635376            0 
            8             1           500             0             1        485 9.820312            0 
            8             1           500             0             1        486 9.624268            0 
            8             1           500             0             1        487 9.860352            0 
            8             1           500             0             1        488 9.944458            0 
            8             1           500             0             1        489 9.894409            0 
            8             1           500             0             1        490 9.937378            0 
            8             1           500             0             1        491 10.168213            0 
            8             1           500             0             1        492 9.848267            0 
            8             1           500             0             1        493 9.779297            0 
            8             1           500             0             1        494 9.860474            0 
            8             1           500             0             1        495 9.850342            0 
            8             1           500             0             1        496 9.909302            0 
            8             1           500             0             1        497 10.189331            0 
            8             1           500             0             1        498 9.978394            0 
            8             1           500             0             1        499 9.916382            0 
# Runtime: 0.051455 s (overhead: 0.019434 %) 500 records
