# Execution time and date (UTC): Fri Aug  9 15:26:37 2024
# Execution time and date (local): Fri Aug  9 18:26:37 2024
# MPI execution on rank 0 with 2 processes in world
# Reported time measurements are in microseconds
# pretty output format
     msg_size  window_size         runs   recv_index    num_peers       id         time     overhead 
            8           128           500             0             1          0 114.634155            0 
            8           128           500             0             1          1 110.142456            0 
            8           128           500             0             1          2 109.337524            0 
            8           128           500             0             1          3 111.428467            0 
            8           128           500             0             1          4 109.808594            0 
            8           128           500             0             1          5 113.082275            0 
            8           128           500             0             1          6 109.621582            0 
            8           128           500             0             1          7 112.079346            0 
            8           128           500             0             1          8 109.774536            0 
            8           128           500             0             1          9 111.726440            0 
            8           128           500             0             1         10 109.804688            0 
            8           128           500             0             1         11 111.667480            0 
            8           128           500             0             1         12 109.431396            0 
            8           128           500             0             1         13 110.724487            0 
            8           128           500             0             1         14 109.764526            0 
            8           128           500             0             1         15 110.954468            0 
            8           128           500             0             1         16 110.083496            0 
            8           128           500             0             1         17 110.676514            0 
            8           128           500             0             1         18 109.321533            0 
            8           128           500             0             1         19 111.675293            0 
            8           128           500             0             1         20 109.748535            0 
            8           128           500             0             1         21 111.605469            0 
            8           128           500             0             1         22 109.591431            0 
            8           128           500             0             1         23 110.845581            0 
            8           128           500             0             1         24 109.862549            0 
            8           128           500             0             1         25 112.054565            0 
            8           128           500             0             1         26 109.688599            0 
            8           128           500             0             1         27 112.949219            0 
            8           128           500             0             1         28 109.021606            0 
            8           128           500             0             1         29 110.856445            0 
            8           128           500             0             1         30 109.528442            0 
            8           128           500             0             1         31 112.688354            0 
            8           128           500             0             1         32 109.330444            0 
            8           128           500             0             1         33 112.097290            0 
            8           128           500             0             1         34 109.659424            0 
            8           128           500             0             1         35 110.790405            0 
            8           128           500             0             1         36 109.268555            0 
            8           128           500             0             1         37 111.656372            0 
            8           128           500             0             1         38 109.448486            0 
            8           128           500             0             1         39 111.984375            0 
            8           128           500             0             1         40 109.385498            0 
            8           128           500             0             1         41 112.111328            0 
            8           128           500             0             1         42 109.488525            0 
            8           128           500             0             1         43 111.806396            0 
            8           128           500             0             1         44 109.600586            0 
            8           128           500             0             1         45 112.103271            0 
            8           128           500             0             1         46 109.405396            0 
            8           128           500             0             1         47 112.391479            0 
            8           128           500             0             1         48 109.479492            0 
            8           128           500             0             1         49 112.820190            0 
            8           128           500             0             1         50 109.788574            0 
            8           128           500             0             1         51 112.034424            0 
            8           128           500             0             1         52 109.912476            0 
            8           128           500             0             1         53 111.625366            0 
            8           128           500             0             1         54 109.424561            0 
            8           128           500             0             1         55 111.088379            0 
            8           128           500             0             1         56 109.709473            0 
            8           128           500             0             1         57 113.078125            0 
            8           128           500             0             1         58 109.567505            0 
            8           128           500             0             1         59 110.801514            0 
            8           128           500             0             1         60 109.436523            0 
            8           128           500             0             1         61 112.018433            0 
            8           128           500             0             1         62 109.625366            0 
            8           128           500             0             1         63 111.310303            0 
            8           128           500             0             1         64 108.767700            0 
            8           128           500             0             1         65 111.929443            0 
            8           128           500             0             1         66 110.104492            0 
            8           128           500             0             1         67 112.259277            0 
            8           128           500             0             1         68 109.158569            0 
            8           128           500             0             1         69 111.724365            0 
            8           128           500             0             1         70 109.384644            0 
            8           128           500             0             1         71 112.384399            0 
            8           128           500             0             1         72 108.866577            0 
            8           128           500             0             1         73 110.311401            0 
            8           128           500             0             1         74 109.551514            0 
            8           128           500             0             1         75 111.056396            0 
            8           128           500             0             1         76 109.631470            0 
            8           128           500             0             1         77 112.461426            0 
            8           128           500             0             1         78 109.199585            0 
            8           128           500             0             1         79 113.123291            0 
            8           128           500             0             1         80 109.776489            0 
            8           128           500             0             1         81 112.962402            0 
            8           128           500             0             1         82 109.361572            0 
            8           128           500             0             1         83 113.075317            0 
            8           128           500             0             1         84 108.981445            0 
            8           128           500             0             1         85 112.429199            0 
            8           128           500             0             1         86 109.245605            0 
            8           128           500             0             1         87 111.684448            0 
            8           128           500             0             1         88 109.460571            0 
            8           128           500             0             1         89 112.332520            0 
            8           128           500             0             1         90 109.402466            0 
            8           128           500             0             1         91 112.459351            0 
            8           128           500             0             1         92 109.746582            0 
            8           128           500             0             1         93 112.235229            0 
            8           128           500             0             1         94 109.526611            0 
            8           128           500             0             1         95 112.920166            0 
            8           128           500             0             1         96 109.495605            0 
            8           128           500             0             1         97 111.055298            0 
            8           128           500             0             1         98 110.923584            0 
            8           128           500             0             1         99 112.576416            0 
            8           128           500             0             1        100 109.320557            0 
            8           128           500             0             1        101 110.053589            0 
            8           128           500             0             1        102 109.010620            0 
            8           128           500             0             1        103 111.112427            0 
            8           128           500             0             1        104 109.514404            0 
            8           128           500             0             1        105 112.300293            0 
            8           128           500             0             1        106 109.603394            0 
            8           128           500             0             1        107 111.833374            0 
            8           128           500             0             1        108 109.343628            0 
            8           128           500             0             1        109 111.994507            0 
            8           128           500             0             1        110 109.347656            0 
            8           128           500             0             1        111 112.069336            0 
            8           128           500             0             1        112 109.734497            0 
            8           128           500             0             1        113 112.791382            0 
            8           128           500             0             1        114 109.519531            0 
            8           128           500             0             1        115 113.169312            0 
            8           128           500             0             1        116 109.744507            0 
            8           128           500             0             1        117 113.504150            0 
            8           128           500             0             1        118 109.489502            0 
            8           128           500             0             1        119 111.069458            0 
            8           128           500             0             1        120 109.865601            0 
            8           128           500             0             1        121 113.799316            0 
            8           128           500             0             1        122 109.018555            0 
            8           128           500             0             1        123 112.391357            0 
            8           128           500             0             1        124 109.560425            0 
            8           128           500             0             1        125 112.297485            0 
            8           128           500             0             1        126 109.295654            0 
            8           128           500             0             1        127 219.206909            0 
            8           128           500             0             1        128 109.463623            0 
            8           128           500             0             1        129 113.195435            0 
            8           128           500             0             1        130 109.453613            0 
            8           128           500             0             1        131 110.705444            0 
            8           128           500             0             1        132 109.608521            0 
            8           128           500             0             1        133 111.830322            0 
            8           128           500             0             1        134 109.616577            0 
            8           128           500             0             1        135 110.602539            0 
            8           128           500             0             1        136 109.474609            0 
            8           128           500             0             1        137 111.889526            0 
            8           128           500             0             1        138 109.402588            0 
            8           128           500             0             1        139 110.701416            0 
            8           128           500             0             1        140 109.473511            0 
            8           128           500             0             1        141 110.873413            0 
            8           128           500             0             1        142 109.876587            0 
            8           128           500             0             1        143 111.091431            0 
            8           128           500             0             1        144 109.203613            0 
            8           128           500             0             1        145 110.398560            0 
            8           128           500             0             1        146 109.366455            0 
            8           128           500             0             1        147 113.420288            0 
            8           128           500             0             1        148 109.528442            0 
            8           128           500             0             1        149 111.246460            0 
            8           128           500             0             1        150 109.302612            0 
            8           128           500             0             1        151 111.764404            0 
            8           128           500             0             1        152 109.272461            0 
            8           128           500             0             1        153 111.985352            0 
            8           128           500             0             1        154 110.201416            0 
            8           128           500             0             1        155 112.275269            0 
            8           128           500             0             1        156 109.401611            0 
            8           128           500             0             1        157 111.151489            0 
            8           128           500             0             1        158 109.238525            0 
            8           128           500             0             1        159 111.293335            0 
            8           128           500             0             1        160 109.178467            0 
            8           128           500             0             1        161 112.708374            0 
            8           128           500             0             1        162 109.006592            0 
            8           128           500             0             1        163 114.274170            0 
            8           128           500             0             1        164 109.458496            0 
            8           128           500             0             1        165 112.256348            0 
            8           128           500             0             1        166 109.366699            0 
            8           128           500             0             1        167 111.977417            0 
            8           128           500             0             1        168 110.079468            0 
            8           128           500             0             1        169 112.085327            0 
            8           128           500             0             1        170 109.435547            0 
            8           128           500             0             1        171 111.448486            0 
            8           128           500             0             1        172 109.584351            0 
            8           128           500             0             1        173 112.097290            0 
            8           128           500             0             1        174 109.726562            0 
            8           128           500             0             1        175 112.071289            0 
            8           128           500             0             1        176 109.874390            0 
            8           128           500             0             1        177 111.521362            0 
            8           128           500             0             1        178 109.321533            0 
            8           128           500             0             1        179 110.175415            0 
            8           128           500             0             1        180 108.867554            0 
            8           128           500             0             1        181 111.392334            0 
            8           128           500             0             1        182 109.257568            0 
            8           128           500             0             1        183 110.784424            0 
            8           128           500             0             1        184 110.014648            0 
            8           128           500             0             1        185 111.923462            0 
            8           128           500             0             1        186 109.075562            0 
            8           128           500             0             1        187 110.644531            0 
            8           128           500             0             1        188 109.654541            0 
            8           128           500             0             1        189 112.017334            0 
            8           128           500             0             1        190 108.838623            0 
            8           128           500             0             1        191 112.765137            0 
            8           128           500             0             1        192 109.199707            0 
            8           128           500             0             1        193 110.599487            0 
            8           128           500             0             1        194 109.431396            0 
            8           128           500             0             1        195 111.031494            0 
            8           128           500             0             1        196 109.429443            0 
            8           128           500             0             1        197 111.464355            0 
            8           128           500             0             1        198 109.726440            0 
            8           128           500             0             1        199 111.733398            0 
            8           128           500             0             1        200 109.628540            0 
            8           128           500             0             1        201 110.915527            0 
            8           128           500             0             1        202 109.348511            0 
            8           128           500             0             1        203 112.228394            0 
            8           128           500             0             1        204 109.601562            0 
            8           128           500             0             1        205 112.262329            0 
            8           128           500             0             1        206 109.552368            0 
            8           128           500             0             1        207 113.067261            0 
            8           128           500             0             1        208 109.492432            0 
            8           128           500             0             1        209 112.189331            0 
            8           128           500             0             1        210 109.538574            0 
            8           128           500             0             1        211 112.127319            0 
            8           128           500             0             1        212 109.722534            0 
            8           128           500             0             1        213 111.196411            0 
            8           128           500             0             1        214 109.479370            0 
            8           128           500             0             1        215 113.363403            0 
            8           128           500             0             1        216 111.553345            0 
            8           128           500             0             1        217 222.292725            0 
            8           128           500             0             1        218 110.093384            0 
            8           128           500             0             1        219 112.116333            0 
            8           128           500             0             1        220 109.624512            0 
            8           128           500             0             1        221 114.627319            0 
            8           128           500             0             1        222 109.618530            0 
            8           128           500             0             1        223 112.362305            0 
            8           128           500             0             1        224 109.413452            0 
            8           128           500             0             1        225 111.148438            0 
            8           128           500             0             1        226 109.630371            0 
            8           128           500             0             1        227 111.157471            0 
            8           128           500             0             1        228 109.569580            0 
            8           128           500             0             1        229 111.455322            0 
            8           128           500             0             1        230 109.401489            0 
            8           128           500             0             1        231 111.928345            0 
            8           128           500             0             1        232 109.511597            0 
            8           128           500             0             1        233 111.762329            0 
            8           128           500             0             1        234 109.531494            0 
            8           128           500             0             1        235 110.788574            0 
            8           128           500             0             1        236 109.169556            0 
            8           128           500             0             1        237 110.880493            0 
            8           128           500             0             1        238 109.546387            0 
            8           128           500             0             1        239 112.619385            0 
            8           128           500             0             1        240 109.316528            0 
            8           128           500             0             1        241 110.467407            0 
            8           128           500             0             1        242 108.606689            0 
            8           128           500             0             1        243 111.351318            0 
            8           128           500             0             1        244 109.542480            0 
            8           128           500             0             1        245 112.775269            0 
            8           128           500             0             1        246 109.346558            0 
            8           128           500             0             1        247 111.704346            0 
            8           128           500             0             1        248 109.536499            0 
            8           128           500             0             1        249 111.166382            0 
            8           128           500             0             1        250 109.533447            0 
            8           128           500             0             1        251 112.050415            0 
            8           128           500             0             1        252 109.760498            0 
            8           128           500             0             1        253 111.190308            0 
            8           128           500             0             1        254 109.874390            0 
            8           128           500             0             1        255 112.882324            0 
            8           128           500             0             1        256 109.826294            3 
            8           128           500             0             1        257 110.994385            0 
            8           128           500             0             1        258 109.325562            0 
            8           128           500             0             1        259 110.918335            0 
            8           128           500             0             1        260 109.396484            0 
            8           128           500             0             1        261 112.612427            0 
            8           128           500             0             1        262 109.647461            0 
            8           128           500             0             1        263 111.377441            0 
            8           128           500             0             1        264 110.242310            0 
            8           128           500             0             1        265 112.951294            0 
            8           128           500             0             1        266 109.829468            0 
            8           128           500             0             1        267 111.508301            0 
            8           128           500             0             1        268 109.626465            0 
            8           128           500             0             1        269 111.510498            0 
            8           128           500             0             1        270 109.473511            0 
            8           128           500             0             1        271 113.338257            0 
            8           128           500             0             1        272 109.662476            0 
            8           128           500             0             1        273 111.880493            0 
            8           128           500             0             1        274 109.528442            0 
            8           128           500             0             1        275 110.982300            0 
            8           128           500             0             1        276 109.493652            0 
            8           128           500             0             1        277 112.590210            0 
            8           128           500             0             1        278 109.606445            0 
            8           128           500             0             1        279 113.286255            0 
            8           128           500             0             1        280 109.493652            0 
            8           128           500             0             1        281 111.353394            0 
            8           128           500             0             1        282 109.410522            0 
            8           128           500             0             1        283 111.712402            0 
            8           128           500             0             1        284 109.270630            0 
            8           128           500             0             1        285 111.311401            0 
            8           128           500             0             1        286 109.751343            0 
            8           128           500             0             1        287 112.356323            0 
            8           128           500             0             1        288 109.622681            0 
            8           128           500             0             1        289 112.010254            0 
            8           128           500             0             1        290 109.154541            0 
            8           128           500             0             1        291 111.420410            0 
            8           128           500             0             1        292 109.436646            0 
            8           128           500             0             1        293 110.829468            0 
            8           128           500             0             1        294 109.307617            0 
            8           128           500             0             1        295 112.525269            0 
            8           128           500             0             1        296 109.167603            0 
            8           128           500             0             1        297 111.728271            0 
            8           128           500             0             1        298 109.156494            0 
            8           128           500             0             1        299 112.248291            0 
            8           128           500             0             1        300 109.442505            0 
            8           128           500             0             1        301 113.053223            0 
            8           128           500             0             1        302 110.047485            0 
            8           128           500             0             1        303 111.917358            0 
            8           128           500             0             1        304 109.176392            0 
            8           128           500             0             1        305 112.581299            0 
            8           128           500             0             1        306 109.679443            0 
            8           128           500             0             1        307 111.193359            0 
            8           128           500             0             1        308 109.607544            0 
            8           128           500             0             1        309 111.473389            0 
            8           128           500             0             1        310 109.943481            0 
            8           128           500             0             1        311 111.246460            0 
            8           128           500             0             1        312 109.543579            0 
            8           128           500             0             1        313 113.561279            0 
            8           128           500             0             1        314 109.739380            0 
            8           128           500             0             1        315 110.746460            0 
            8           128           500             0             1        316 109.824463            1 
            8           128           500             0             1        317 111.834473            0 
            8           128           500             0             1        318 109.603516            0 
            8           128           500             0             1        319 111.949341            0 
            8           128           500             0             1        320 109.477539            0 
            8           128           500             0             1        321 111.610229            0 
            8           128           500             0             1        322 109.976440            0 
            8           128           500             0             1        323 111.901367            0 
            8           128           500             0             1        324 109.600586            0 
            8           128           500             0             1        325 111.225342            0 
            8           128           500             0             1        326 109.549561            0 
            8           128           500             0             1        327 110.176392            0 
            8           128           500             0             1        328 109.784424            0 
            8           128           500             0             1        329 111.529297            0 
            8           128           500             0             1        330 109.377563            0 
            8           128           500             0             1        331 112.293335            0 
            8           128           500             0             1        332 109.459473            0 
            8           128           500             0             1        333 113.456299            0 
            8           128           500             0             1        334 109.245483            0 
            8           128           500             0             1        335 112.410278            0 
            8           128           500             0             1        336 109.582642            0 
            8           128           500             0             1        337 112.098389            0 
            8           128           500             0             1        338 109.378540            0 
            8           128           500             0             1        339 111.426392            0 
            8           128           500             0             1        340 109.187500            0 
            8           128           500             0             1        341 112.878296            0 
            8           128           500             0             1        342 109.634521            0 
            8           128           500             0             1        343 112.752319            0 
            8           128           500             0             1        344 109.718506            0 
            8           128           500             0             1        345 111.844360            0 
            8           128           500             0             1        346 109.235474            0 
            8           128           500             0             1        347 111.584351            0 
            8           128           500             0             1        348 109.684570            0 
            8           128           500             0             1        349 111.490356            0 
            8           128           500             0             1        350 109.506592            0 
            8           128           500             0             1        351 111.490356            0 
            8           128           500             0             1        352 109.742554            0 
            8           128           500             0             1        353 112.341309            0 
            8           128           500             0             1        354 109.377563            0 
            8           128           500             0             1        355 112.120361            0 
            8           128           500             0             1        356 109.257568            0 
            8           128           500             0             1        357 112.771362            0 
            8           128           500             0             1        358 109.780518            0 
            8           128           500             0             1        359 112.446411            0 
            8           128           500             0             1        360 109.293457            0 
            8           128           500             0             1        361 111.604370            0 
            8           128           500             0             1        362 108.898560            0 
            8           128           500             0             1        363 112.613281            0 
            8           128           500             0             1        364 109.435547            0 
            8           128           500             0             1        365 111.305420            0 
            8           128           500             0             1        366 109.245483            0 
            8           128           500             0             1        367 110.824341            0 
            8           128           500             0             1        368 109.745483            0 
            8           128           500             0             1        369 111.151489            0 
            8           128           500             0             1        370 109.907471            0 
            8           128           500             0             1        371 109.385620            0 
            8           128           500             0             1        372 109.614380            0 
            8           128           500             0             1        373 112.492310            0 
            8           128           500             0             1        374 109.412476            0 
            8           128           500             0             1        375 110.971558            0 
            8           128           500             0             1        376 109.902466            0 
            8           128           500             0             1        377 112.421387            0 
            8           128           500             0             1        378 109.720581            0 
            8           128           500             0             1        379 113.022339            0 
            8           128           500             0             1        380 109.409546            0 
            8           128           500             0             1        381 112.490356            0 
            8           128           500             0             1        382 109.446533            0 
            8           128           500             0             1        383 111.434448            0 
            8           128           500             0             1        384 109.734497            0 
            8           128           500             0             1        385 112.507324            0 
            8           128           500             0             1        386 109.600586            0 
            8           128           500             0             1        387 112.417358            0 
            8           128           500             0             1        388 109.364502            0 
            8           128           500             0             1        389 112.271240            0 
            8           128           500             0             1        390 109.720703            0 
            8           128           500             0             1        391 111.021484            0 
            8           128           500             0             1        392 109.416504            0 
            8           128           500             0             1        393 111.933228            0 
            8           128           500             0             1        394 109.565430            0 
            8           128           500             0             1        395 112.316284            0 
            8           128           500             0             1        396 109.500610            0 
            8           128           500             0             1        397 112.315430            0 
            8           128           500             0             1        398 109.143555            0 
            8           128           500             0             1        399 111.860352            0 
            8           128           500             0             1        400 109.764526            0 
            8           128           500             0             1        401 112.290283            0 
            8           128           500             0             1        402 109.518677            0 
            8           128           500             0             1        403 112.117310            0 
            8           128           500             0             1        404 109.350708            0 
            8           128           500             0             1        405 112.842285            0 
            8           128           500             0             1        406 109.798462            0 
            8           128           500             0             1        407 110.890381            0 
            8           128           500             0             1        408 109.178467            0 
            8           128           500             0             1        409 111.863403            0 
            8           128           500             0             1        410 109.925537            0 
            8           128           500             0             1        411 111.081421            0 
            8           128           500             0             1        412 109.523560            0 
            8           128           500             0             1        413 111.455322            0 
            8           128           500             0             1        414 109.740356            0 
            8           128           500             0             1        415 110.985352            0 
            8           128           500             0             1        416 109.271606            0 
            8           128           500             0             1        417 112.844360            0 
            8           128           500             0             1        418 109.629517            0 
            8           128           500             0             1        419 112.263306            0 
            8           128           500             0             1        420 109.112427            0 
            8           128           500             0             1        421 110.583374            0 
            8           128           500             0             1        422 108.719482            0 
            8           128           500             0             1        423 112.117432            0 
            8           128           500             0             1        424 109.128540            0 
            8           128           500             0             1        425 113.747192            0 
            8           128           500             0             1        426 110.161377            0 
            8           128           500             0             1        427 112.775269            0 
            8           128           500             0             1        428 109.893433            0 
            8           128           500             0             1        429 112.026367            0 
            8           128           500             0             1        430 109.230591            0 
            8           128           500             0             1        431 112.246338            0 
            8           128           500             0             1        432 109.644531            0 
            8           128           500             0             1        433 110.563477            0 
            8           128           500             0             1        434 109.579346            0 
            8           128           500             0             1        435 112.322388            0 
            8           128           500             0             1        436 109.285522            0 
            8           128           500             0             1        437 111.845215            0 
            8           128           500             0             1        438 109.803589            0 
            8           128           500             0             1        439 112.446289            0 
            8           128           500             0             1        440 109.835571            0 
            8           128           500             0             1        441 112.171387            0 
            8           128           500             0             1        442 109.573608            0 
            8           128           500             0             1        443 114.151245            0 
            8           128           500             0             1        444 109.818481            0 
            8           128           500             0             1        445 112.740356            0 
            8           128           500             0             1        446 109.729492            0 
            8           128           500             0             1        447 112.390381            0 
            8           128           500             0             1        448 109.639404            0 
            8           128           500             0             1        449 112.894287            0 
            8           128           500             0             1        450 109.774536            0 
            8           128           500             0             1        451 111.635498            0 
            8           128           500             0             1        452 109.992432            0 
            8           128           500             0             1        453 110.788452            0 
            8           128           500             0             1        454 109.460571            0 
            8           128           500             0             1        455 112.149292            0 
            8           128           500             0             1        456 108.798584            0 
            8           128           500             0             1        457 110.639404            0 
            8           128           500             0             1        458 109.995483            0 
            8           128           500             0             1        459 113.430298            0 
            8           128           500             0             1        460 109.430420            0 
            8           128           500             0             1        461 112.640259            0 
            8           128           500             0             1        462 109.464478            0 
            8           128           500             0             1        463 112.325317            0 
            8           128           500             0             1        464 109.853516            0 
            8           128           500             0             1        465 111.504272            0 
            8           128           500             0             1        466 110.317505            0 
            8           128           500             0             1        467 111.611328            0 
            8           128           500             0             1        468 109.248535            0 
            8           128           500             0             1        469 110.014404            0 
            8           128           500             0             1        470 109.549561            0 
            8           128           500             0             1        471 111.878296            0 
            8           128           500             0             1        472 109.478516            0 
            8           128           500             0             1        473 113.466187            0 
            8           128           500             0             1        474 109.667603            0 
            8           128           500             0             1        475 112.040405            0 
            8           128           500             0             1        476 109.218628            0 
            8           128           500             0             1        477 113.694214            0 
            8           128           500             0             1        478 109.670532            0 
            8           128           500             0             1        479 113.237305            0 
            8           128           500             0             1        480 109.517456            0 
            8           128           500             0             1        481 113.031250            0 
            8           128           500             0             1        482 109.700317            0 
            8           128           500             0             1        483 112.574341            0 
            8           128           500             0             1        484 109.686401            0 
            8           128           500             0             1        485 112.060303            0 
            8           128           500             0             1        486 109.848511            0 
            8           128           500             0             1        487 111.941284            0 
            8           128           500             0             1        488 109.076538            0 
            8           128           500             0             1        489 111.379272            0 
            8           128           500             0             1        490 109.837524            1 
            8           128           500             0             1        491 110.754517            0 
            8           128           500             0             1        492 109.264526            0 
            8           128           500             0             1        493 112.224487            0 
            8           128           500             0             1        494 109.308594            0 
            8           128           500             0             1        495 111.252563            0 
            8           128           500             0             1        496 109.485474            0 
            8           128           500             0             1        497 112.107422            0 
            8           128           500             0             1        498 109.563354            0 
            8           128           500             0             1        499 111.060425            0 
# Runtime: 1.878598 s (overhead: 0.000266 %) 500 records
