# Execution time and date (UTC): Fri Aug  9 21:58:38 2024
# Execution time and date (local): Sat Aug 10 00:58:38 2024
# MPI execution on rank 0 with 2 processes in world
# Reported time measurements are in microseconds
# pretty output format
     msg_size  window_size         runs   recv_index    num_peers       id         time     overhead 
            8             1           500             0             1          0 15.182861            0 
            8             1           500             0             1          1 11.077271            0 
            8             1           500             0             1          2 11.146118            0 
            8             1           500             0             1          3 11.178101            0 
            8             1           500             0             1          4 11.152100            0 
            8             1           500             0             1          5 11.165161            0 
            8             1           500             0             1          6 16.744629            0 
            8             1           500             0             1          7 11.089233            0 
            8             1           500             0             1          8 9.947144            0 
            8             1           500             0             1          9 9.962280            0 
            8             1           500             0             1         10 9.711304            0 
            8             1           500             0             1         11 9.954224            0 
            8             1           500             0             1         12 9.959229            0 
            8             1           500             0             1         13 10.078369            0 
            8             1           500             0             1         14 9.885254            0 
            8             1           500             0             1         15 10.197266            0 
            8             1           500             0             1         16 10.010254            0 
            8             1           500             0             1         17 9.936279            0 
            8             1           500             0             1         18 9.858276            0 
            8             1           500             0             1         19 10.037231            0 
            8             1           500             0             1         20 9.677246            0 
            8             1           500             0             1         21 10.043213            0 
            8             1           500             0             1         22 9.871216            0 
            8             1           500             0             1         23 10.181396            0 
            8             1           500             0             1         24 9.625366            0 
            8             1           500             0             1         25 9.880249            0 
            8             1           500             0             1         26 9.789307            0 
            8             1           500             0             1         27 9.957275            0 
            8             1           500             0             1         28 9.869263            0 
            8             1           500             0             1         29 9.903198            0 
            8             1           500             0             1         30 9.720215            0 
            8             1           500             0             1         31 10.038208            0 
            8             1           500             0             1         32 9.841309            0 
            8             1           500             0             1         33 10.084229            0 
            8             1           500             0             1         34 9.801147            0 
            8             1           500             0             1         35 10.188232            0 
            8             1           500             0             1         36 9.977173            0 
            8             1           500             0             1         37 9.968262            0 
            8             1           500             0             1         38 9.736328            0 
            8             1           500             0             1         39 10.058228            0 
            8             1           500             0             1         40 9.659302            0 
            8             1           500             0             1         41 9.868164            0 
            8             1           500             0             1         42 9.887329            0 
            8             1           500             0             1         43 9.930176            0 
            8             1           500             0             1         44 9.551270            0 
            8             1           500             0             1         45 9.779419            0 
            8             1           500             0             1         46 9.784180            0 
            8             1           500             0             1         47 9.982178            0 
            8             1           500             0             1         48 9.780273            0 
            8             1           500             0             1         49 10.067139            0 
            8             1           500             0             1         50 9.748291            0 
            8             1           500             0             1         51 10.133179            0 
            8             1           500             0             1         52 9.776367            0 
            8             1           500             0             1         53 9.932251            0 
            8             1           500             0             1         54 10.034302            0 
            8             1           500             0             1         55 10.123169            0 
            8             1           500             0             1         56 9.782471            0 
            8             1           500             0             1         57 9.935303            0 
            8             1           500             0             1         58 9.831299            0 
            8             1           500             0             1         59 10.181396            0 
            8             1           500             0             1         60 9.726196            0 
            8             1           500             0             1         61 9.965210            0 
            8             1           500             0             1         62 9.775269            0 
            8             1           500             0             1         63 10.252197            0 
            8             1           500             0             1         64 12.558960           11 
            8             1           500             0             1         65 9.970215            0 
            8             1           500             0             1         66 9.846191            0 
            8             1           500             0             1         67 10.100342            0 
            8             1           500             0             1         68 9.764282            0 
            8             1           500             0             1         69 9.990234            0 
            8             1           500             0             1         70 9.966309            0 
            8             1           500             0             1         71 10.170288            0 
            8             1           500             0             1         72 9.745239            0 
            8             1           500             0             1         73 9.723267            0 
            8             1           500             0             1         74 9.623291            0 
            8             1           500             0             1         75 9.921265            0 
            8             1           500             0             1         76 9.851196            0 
            8             1           500             0             1         77 9.796265            0 
            8             1           500             0             1         78 9.685303            0 
            8             1           500             0             1         79 10.116089            0 
            8             1           500             0             1         80 9.973145            0 
            8             1           500             0             1         81 10.002075            0 
            8             1           500             0             1         82 9.831299            0 
            8             1           500             0             1         83 10.111328            0 
            8             1           500             0             1         84 9.986084            0 
            8             1           500             0             1         85 9.959351            0 
            8             1           500             0             1         86 9.866333            0 
            8             1           500             0             1         87 10.167236            0 
            8             1           500             0             1         88 9.645264            0 
            8             1           500             0             1         89 9.807251            0 
            8             1           500             0             1         90 9.690308            0 
            8             1           500             0             1         91 9.803345            0 
            8             1           500             0             1         92 9.952271            0 
            8             1           500             0             1         93 9.821289            0 
            8             1           500             0             1         94 9.708252            0 
            8             1           500             0             1         95 10.072266            0 
            8             1           500             0             1         96 9.937378            0 
            8             1           500             0             1         97 10.064331            0 
            8             1           500             0             1         98 9.903320            0 
            8             1           500             0             1         99 10.010254            0 
            8             1           500             0             1        100 9.757324            0 
            8             1           500             0             1        101 9.937256            0 
            8             1           500             0             1        102 9.810303            0 
            8             1           500             0             1        103 10.205200            0 
            8             1           500             0             1        104 9.689209            0 
            8             1           500             0             1        105 9.778076            0 
            8             1           500             0             1        106 9.893188            0 
            8             1           500             0             1        107 10.005249            0 
            8             1           500             0             1        108 9.761353            0 
            8             1           500             0             1        109 9.987183            0 
            8             1           500             0             1        110 9.698242            0 
            8             1           500             0             1        111 10.267334            0 
            8             1           500             0             1        112 9.896240            0 
            8             1           500             0             1        113 9.950317            0 
            8             1           500             0             1        114 9.840332            0 
            8             1           500             0             1        115 10.071167            0 
            8             1           500             0             1        116 10.077271            0 
            8             1           500             0             1        117 9.936157            0 
            8             1           500             0             1        118 9.950317            0 
            8             1           500             0             1        119 10.229370            0 
            8             1           500             0             1        120 9.832153            0 
            8             1           500             0             1        121 9.725220            0 
            8             1           500             0             1        122 9.608398            0 
            8             1           500             0             1        123 9.932251            0 
            8             1           500             0             1        124 9.751343            0 
            8             1           500             0             1        125 9.772339            0 
            8             1           500             0             1        126 9.680298            0 
            8             1           500             0             1        127 9.929321            0 
            8             1           500             0             1        128 9.972290            0 
            8             1           500             0             1        129 10.293213            0 
            8             1           500             0             1        130 10.093262            0 
            8             1           500             0             1        131 10.211182            0 
            8             1           500             0             1        132 9.946289            0 
            8             1           500             0             1        133 10.266235            0 
            8             1           500             0             1        134 10.179321            0 
            8             1           500             0             1        135 10.161255            0 
            8             1           500             0             1        136 9.802368            0 
            8             1           500             0             1        137 9.832275            0 
            8             1           500             0             1        138 9.619385            0 
            8             1           500             0             1        139 9.814209            0 
            8             1           500             0             1        140 9.844116            0 
            8             1           500             0             1        141 9.913208            0 
            8             1           500             0             1        142 9.685181            0 
            8             1           500             0             1        143 10.058228            0 
            8             1           500             0             1        144 9.864258            0 
            8             1           500             0             1        145 9.915161            0 
            8             1           500             0             1        146 9.738281            0 
            8             1           500             0             1        147 9.911377            0 
            8             1           500             0             1        148 9.980347            0 
            8             1           500             0             1        149 9.946289            0 
            8             1           500             0             1        150 9.809204            0 
            8             1           500             0             1        151 10.207031            0 
            8             1           500             0             1        152 9.771240            0 
            8             1           500             0             1        153 9.846313            0 
            8             1           500             0             1        154 9.660400            0 
            8             1           500             0             1        155 9.915283            0 
            8             1           500             0             1        156 9.868164            0 
            8             1           500             0             1        157 9.818237            0 
            8             1           500             0             1        158 9.665283            0 
            8             1           500             0             1        159 10.059204            0 
            8             1           500             0             1        160 9.959229            0 
            8             1           500             0             1        161 9.981201            0 
            8             1           500             0             1        162 9.716309            0 
            8             1           500             0             1        163 10.037109            0 
            8             1           500             0             1        164 9.954346            0 
            8             1           500             0             1        165 9.983276            0 
            8             1           500             0             1        166 10.028320            0 
            8             1           500             0             1        167 10.168335            0 
            8             1           500             0             1        168 9.846313            0 
            8             1           500             0             1        169 9.797241            0 
            8             1           500             0             1        170 9.777222            0 
            8             1           500             0             1        171 9.838379            0 
            8             1           500             0             1        172 9.572266            0 
            8             1           500             0             1        173 9.793457            0 
            8             1           500             0             1        174 9.804199            0 
            8             1           500             0             1        175 10.050171            0 
            8             1           500             0             1        176 9.738281            0 
            8             1           500             0             1        177 9.949219            0 
            8             1           500             0             1        178 9.988281            0 
            8             1           500             0             1        179 10.006226            0 
            8             1           500             0             1        180 9.767334            0 
            8             1           500             0             1        181 9.917236            0 
            8             1           500             0             1        182 10.010254            0 
            8             1           500             0             1        183 10.107300            0 
            8             1           500             0             1        184 9.622314            0 
            8             1           500             0             1        185 9.666382            0 
            8             1           500             0             1        186 9.661499            0 
            8             1           500             0             1        187 9.939209            0 
            8             1           500             0             1        188 9.799194            0 
            8             1           500             0             1        189 9.873413            0 
            8             1           500             0             1        190 9.826294            0 
            8             1           500             0             1        191 10.139282            0 
            8             1           500             0             1        192 10.120239            0 
            8             1           500             0             1        193 9.913330            0 
            8             1           500             0             1        194 9.804321            0 
            8             1           500             0             1        195 10.017334            0 
            8             1           500             0             1        196 9.833252            0 
            8             1           500             0             1        197 10.039185            0 
            8             1           500             0             1        198 9.983154            0 
            8             1           500             0             1        199 10.231323            0 
            8             1           500             0             1        200 9.838135            0 
            8             1           500             0             1        201 9.756348            0 
            8             1           500             0             1        202 9.670166            0 
            8             1           500             0             1        203 9.961304            0 
            8             1           500             0             1        204 9.918213            0 
            8             1           500             0             1        205 9.870239            0 
            8             1           500             0             1        206 9.801392            0 
            8             1           500             0             1        207 10.154297            0 
            8             1           500             0             1        208 9.930176            0 
            8             1           500             0             1        209 9.813232            0 
            8             1           500             0             1        210 9.683350            0 
            8             1           500             0             1        211 9.937256            0 
            8             1           500             0             1        212 9.758179            0 
            8             1           500             0             1        213 9.982300            0 
            8             1           500             0             1        214 9.886230            0 
            8             1           500             0             1        215 10.148193            0 
            8             1           500             0             1        216 9.587280            0 
            8             1           500             0             1        217 9.801270            0 
            8             1           500             0             1        218 9.687256            0 
            8             1           500             0             1        219 9.971191            0 
            8             1           500             0             1        220 9.890137            0 
            8             1           500             0             1        221 9.847412            0 
            8             1           500             0             1        222 9.730347            0 
            8             1           500             0             1        223 10.163208            0 
            8             1           500             0             1        224 9.707275            0 
            8             1           500             0             1        225 9.955322            0 
            8             1           500             0             1        226 9.894287            0 
            8             1           500             0             1        227 10.020264            0 
            8             1           500             0             1        228 9.992432            0 
            8             1           500             0             1        229 9.972290            0 
            8             1           500             0             1        230 9.834229            0 
            8             1           500             0             1        231 10.062378            0 
            8             1           500             0             1        232 9.648315            0 
            8             1           500             0             1        233 9.823242            0 
            8             1           500             0             1        234 9.736450            0 
            8             1           500             0             1        235 10.008301            0 
            8             1           500             0             1        236 9.716309            0 
            8             1           500             0             1        237 10.005127            0 
            8             1           500             0             1        238 9.650269            0 
            8             1           500             0             1        239 10.144287            0 
            8             1           500             0             1        240 9.822266            0 
            8             1           500             0             1        241 10.090332            0 
            8             1           500             0             1        242 10.006226            0 
            8             1           500             0             1        243 10.051392            0 
            8             1           500             0             1        244 10.237305            0 
            8             1           500             0             1        245 10.073242            0 
            8             1           500             0             1        246 9.779175            0 
            8             1           500             0             1        247 10.183228            0 
            8             1           500             0             1        248 9.843140            0 
            8             1           500             0             1        249 9.871216            0 
            8             1           500             0             1        250 9.979370            0 
            8             1           500             0             1        251 10.194214            0 
            8             1           500             0             1        252 9.671387            0 
            8             1           500             0             1        253 9.857300            0 
            8             1           500             0             1        254 9.615234            0 
            8             1           500             0             1        255 9.911377            0 
            8             1           500             0             1        256 10.112305            0 
            8             1           500             0             1        257 9.927246            0 
            8             1           500             0             1        258 9.889282            0 
            8             1           500             0             1        259 10.082275            0 
            8             1           500             0             1        260 9.822144            0 
            8             1           500             0             1        261 10.043213            0 
            8             1           500             0             1        262 9.835327            0 
            8             1           500             0             1        263 10.103149            0 
            8             1           500             0             1        264 9.898315            0 
            8             1           500             0             1        265 9.958252            0 
            8             1           500             0             1        266 9.854370            0 
            8             1           500             0             1        267 10.126221            0 
            8             1           500             0             1        268 9.862305            0 
            8             1           500             0             1        269 9.900146            0 
            8             1           500             0             1        270 9.697266            0 
            8             1           500             0             1        271 10.053223            0 
            8             1           500             0             1        272 9.693359            0 
            8             1           500             0             1        273 10.007202            0 
            8             1           500             0             1        274 9.896240            0 
            8             1           500             0             1        275 10.079346            0 
            8             1           500             0             1        276 9.936279            0 
            8             1           500             0             1        277 10.059326            0 
            8             1           500             0             1        278 9.763306            0 
            8             1           500             0             1        279 10.054199            0 
            8             1           500             0             1        280 9.939209            0 
            8             1           500             0             1        281 9.951172            0 
            8             1           500             0             1        282 9.702271            0 
            8             1           500             0             1        283 9.954224            0 
            8             1           500             0             1        284 9.729370            0 
            8             1           500             0             1        285 9.950195            0 
            8             1           500             0             1        286 9.731201            0 
            8             1           500             0             1        287 10.072266            0 
            8             1           500             0             1        288 10.039307            0 
            8             1           500             0             1        289 10.022217            0 
            8             1           500             0             1        290 9.948242            0 
            8             1           500             0             1        291 10.163330            0 
            8             1           500             0             1        292 9.794312            0 
            8             1           500             0             1        293 9.995117            0 
            8             1           500             0             1        294 9.680298            0 
            8             1           500             0             1        295 10.108154            0 
            8             1           500             0             1        296 9.686279            0 
            8             1           500             0             1        297 10.149292            0 
            8             1           500             0             1        298 9.973267            0 
            8             1           500             0             1        299 9.990234            0 
            8             1           500             0             1        300 9.628296            0 
            8             1           500             0             1        301 9.867310            0 
            8             1           500             0             1        302 9.970337            0 
            8             1           500             0             1        303 10.135254            0 
            8             1           500             0             1        304 10.014282            0 
            8             1           500             0             1        305 9.878296            0 
            8             1           500             0             1        306 9.975220            0 
            8             1           500             0             1        307 10.021362            0 
            8             1           500             0             1        308 9.708252            0 
            8             1           500             0             1        309 9.874390            0 
            8             1           500             0             1        310 9.699341            0 
            8             1           500             0             1        311 10.139282            0 
            8             1           500             0             1        312 9.728149            0 
            8             1           500             0             1        313 9.822266            0 
            8             1           500             0             1        314 9.921265            0 
            8             1           500             0             1        315 10.097168            0 
            8             1           500             0             1        316 9.941284            0 
            8             1           500             0             1        317 9.807373            0 
            8             1           500             0             1        318 9.876221            0 
            8             1           500             0             1        319 10.101196            0 
            8             1           500             0             1        320 9.811279            0 
            8             1           500             0             1        321 10.151245            0 
            8             1           500             0             1        322 10.091309            0 
            8             1           500             0             1        323 10.252319            0 
            8             1           500             0             1        324 10.143311            0 
            8             1           500             0             1        325 10.070068            0 
            8             1           500             0             1        326 9.981323            0 
            8             1           500             0             1        327 10.266235            0 
            8             1           500             0             1        328 9.978149            0 
            8             1           500             0             1        329 10.073364            0 
            8             1           500             0             1        330 9.725220            0 
            8             1           500             0             1        331 10.110229            0 
            8             1           500             0             1        332 9.897339            0 
            8             1           500             0             1        333 10.029297            0 
            8             1           500             0             1        334 9.713257            0 
            8             1           500             0             1        335 10.057373            0 
            8             1           500             0             1        336 9.768311            0 
            8             1           500             0             1        337 9.963257            0 
            8             1           500             0             1        338 9.843262            0 
            8             1           500             0             1        339 10.034302            0 
            8             1           500             0             1        340 9.966187            0 
            8             1           500             0             1        341 9.923218            0 
            8             1           500             0             1        342 9.811401            0 
            8             1           500             0             1        343 10.043213            0 
            8             1           500             0             1        344 9.860352            0 
            8             1           500             0             1        345 9.828247            0 
            8             1           500             0             1        346 9.784180            0 
            8             1           500             0             1        347 9.963257            0 
            8             1           500             0             1        348 9.679443            0 
            8             1           500             0             1        349 9.859131            0 
            8             1           500             0             1        350 9.744263            0 
            8             1           500             0             1        351 10.135132            0 
            8             1           500             0             1        352 9.704224            0 
            8             1           500             0             1        353 9.853271            0 
            8             1           500             0             1        354 9.836426            0 
            8             1           500             0             1        355 9.969238            0 
            8             1           500             0             1        356 9.845337            0 
            8             1           500             0             1        357 10.015259            0 
            8             1           500             0             1        358 9.983276            0 
            8             1           500             0             1        359 10.320312            0 
            8             1           500             0             1        360 9.626221            0 
            8             1           500             0             1        361 9.759277            0 
            8             1           500             0             1        362 9.663208            0 
            8             1           500             0             1        363 9.880249            0 
            8             1           500             0             1        364 9.858276            0 
            8             1           500             0             1        365 9.914185            0 
            8             1           500             0             1        366 9.778320            0 
            8             1           500             0             1        367 10.213257            0 
            8             1           500             0             1        368 9.811279            0 
            8             1           500             0             1        369 9.917358            0 
            8             1           500             0             1        370 9.678345            0 
            8             1           500             0             1        371 9.874390            0 
            8             1           500             0             1        372 9.912231            0 
            8             1           500             0             1        373 10.065430            0 
            8             1           500             0             1        374 9.831177            0 
            8             1           500             0             1        375 10.226318            0 
            8             1           500             0             1        376 9.830322            0 
            8             1           500             0             1        377 9.786133            0 
            8             1           500             0             1        378 9.634399            0 
            8             1           500             0             1        379 9.855225            0 
            8             1           500             0             1        380 9.763306            0 
            8             1           500             0             1        381 9.777222            0 
            8             1           500             0             1        382 9.691284            0 
            8             1           500             0             1        383 10.249146            0 
            8             1           500             0             1        384 10.114380            0 
            8             1           500             0             1        385 9.800415            0 
            8             1           500             0             1        386 9.971191            0 
            8             1           500             0             1        387 10.306152            0 
            8             1           500             0             1        388 9.793335            0 
            8             1           500             0             1        389 9.813232            0 
            8             1           500             0             1        390 9.855225            0 
            8             1           500             0             1        391 10.006226            0 
            8             1           500             0             1        392 9.911377            0 
            8             1           500             0             1        393 10.139282            0 
            8             1           500             0             1        394 9.973389            0 
            8             1           500             0             1        395 9.976196            0 
            8             1           500             0             1        396 9.594238            0 
            8             1           500             0             1        397 9.823242            0 
            8             1           500             0             1        398 9.858398            0 
            8             1           500             0             1        399 10.140381            0 
            8             1           500             0             1        400 9.981323            0 
            8             1           500             0             1        401 9.983276            0 
            8             1           500             0             1        402 9.836182            0 
            8             1           500             0             1        403 10.057129            0 
            8             1           500             0             1        404 9.920288            0 
            8             1           500             0             1        405 9.947266            0 
            8             1           500             0             1        406 9.620239            0 
            8             1           500             0             1        407 10.101196            0 
            8             1           500             0             1        408 9.725220            0 
            8             1           500             0             1        409 10.020264            0 
            8             1           500             0             1        410 9.769287            0 
            8             1           500             0             1        411 10.000244            0 
            8             1           500             0             1        412 9.607300            0 
            8             1           500             0             1        413 9.918335            0 
            8             1           500             0             1        414 9.677246            0 
            8             1           500             0             1        415 9.999268            0 
            8             1           500             0             1        416 9.771362            0 
            8             1           500             0             1        417 10.030273            0 
            8             1           500             0             1        418 9.735352            0 
            8             1           500             0             1        419 10.090332            0 
            8             1           500             0             1        420 9.964233            0 
            8             1           500             0             1        421 9.968140            0 
            8             1           500             0             1        422 10.023315            0 
            8             1           500             0             1        423 10.119263            0 
            8             1           500             0             1        424 9.653320            0 
            8             1           500             0             1        425 9.873291            0 
            8             1           500             0             1        426 10.007202            0 
            8             1           500             0             1        427 9.977173            0 
            8             1           500             0             1        428 9.920288            0 
            8             1           500             0             1        429 9.906372            0 
            8             1           500             0             1        430 9.889160            0 
            8             1           500             0             1        431 10.051270            0 
            8             1           500             0             1        432 9.693237            0 
            8             1           500             0             1        433 9.905273            0 
            8             1           500             0             1        434 9.698242            0 
            8             1           500             0             1        435 10.085205            0 
            8             1           500             0             1        436 9.732300            0 
            8             1           500             0             1        437 9.892334            0 
            8             1           500             0             1        438 9.959229            0 
            8             1           500             0             1        439 10.080200            0 
            8             1           500             0             1        440 9.644287            0 
            8             1           500             0             1        441 9.804199            0 
            8             1           500             0             1        442 9.753296            0 
            8             1           500             0             1        443 9.935303            0 
            8             1           500             0             1        444 9.681396            0 
            8             1           500             0             1        445 9.825317            0 
            8             1           500             0             1        446 9.888306            0 
            8             1           500             0             1        447 10.209229            0 
            8             1           500             0             1        448 10.100342            0 
            8             1           500             0             1        449 9.931152            0 
            8             1           500             0             1        450 9.944214            0 
            8             1           500             0             1        451 10.015259            0 
            8             1           500             0             1        452 9.719360            0 
            8             1           500             0             1        453 9.821289            0 
            8             1           500             0             1        454 9.959351            0 
            8             1           500             0             1        455 10.179321            0 
            8             1           500             0             1        456 9.887329            0 
            8             1           500             0             1        457 9.842285            0 
            8             1           500             0             1        458 9.750366            0 
            8             1           500             0             1        459 9.986328            0 
            8             1           500             0             1        460 9.630249            0 
            8             1           500             0             1        461 9.856323            0 
            8             1           500             0             1        462 9.740356            0 
            8             1           500             0             1        463 10.079224            0 
            8             1           500             0             1        464 9.755371            0 
            8             1           500             0             1        465 9.911377            0 
            8             1           500             0             1        466 9.810181            0 
            8             1           500             0             1        467 9.971313            0 
            8             1           500             0             1        468 9.770386            0 
            8             1           500             0             1        469 10.029297            0 
            8             1           500             0             1        470 9.826172            0 
            8             1           500             0             1        471 10.182251            0 
            8             1           500             0             1        472 9.987183            0 
            8             1           500             0             1        473 9.897339            0 
            8             1           500             0             1        474 9.769287            0 
            8             1           500             0             1        475 10.060303            0 
            8             1           500             0             1        476 9.593262            0 
            8             1           500             0             1        477 9.847290            0 
            8             1           500             0             1        478 9.709473            0 
            8             1           500             0             1        479 10.054321            0 
            8             1           500             0             1        480 9.831299            0 
            8             1           500             0             1        481 9.840210            0 
            8             1           500             0             1        482 9.949341            0 
            8             1           500             0             1        483 10.016235            0 
            8             1           500             0             1        484 9.694336            0 
            8             1           500             0             1        485 9.883179            0 
            8             1           500             0             1        486 9.872314            0 
            8             1           500             0             1        487 10.185303            0 
            8             1           500             0             1        488 9.784302            0 
            8             1           500             0             1        489 9.871216            0 
            8             1           500             0             1        490 9.849121            0 
            8             1           500             0             1        491 9.955200            0 
            8             1           500             0             1        492 9.682373            0 
            8             1           500             0             1        493 9.826294            0 
            8             1           500             0             1        494 9.686401            0 
            8             1           500             0             1        495 10.184326            0 
            8             1           500             0             1        496 9.868164            0 
            8             1           500             0             1        497 9.973267            0 
            8             1           500             0             1        498 9.802368            0 
            8             1           500             0             1        499 10.057129            0 
# Runtime: 0.057540 s (overhead: 0.019117 %) 500 records
