# Execution time and date (UTC): Fri Aug  9 21:57:46 2024
# Execution time and date (local): Sat Aug 10 00:57:46 2024
# MPI execution on rank 0 with 2 processes in world
# Reported time measurements are in microseconds
# pretty output format
     msg_size  window_size         runs   recv_index    num_peers       id         time     overhead 
            8           128           500             0             1          0 109.548828            0 
            8           128           500             0             1          1 106.949951            0 
            8           128           500             0             1          2 106.606079            0 
            8           128           500             0             1          3 107.153076            0 
            8           128           500             0             1          4 106.120239            0 
            8           128           500             0             1          5 106.755127            0 
            8           128           500             0             1          6 106.798218            0 
            8           128           500             0             1          7 107.905884            0 
            8           128           500             0             1          8 106.974121            0 
            8           128           500             0             1          9 106.920044            0 
            8           128           500             0             1         10 106.365234            0 
            8           128           500             0             1         11 106.807983            0 
            8           128           500             0             1         12 106.380127            0 
            8           128           500             0             1         13 107.067017            0 
            8           128           500             0             1         14 106.685181            0 
            8           128           500             0             1         15 106.499268            0 
            8           128           500             0             1         16 106.237183            0 
            8           128           500             0             1         17 106.803101            0 
            8           128           500             0             1         18 105.836182            0 
            8           128           500             0             1         19 107.091064            0 
            8           128           500             0             1         20 106.830078            0 
            8           128           500             0             1         21 106.656128            0 
            8           128           500             0             1         22 106.392212            0 
            8           128           500             0             1         23 106.782227            0 
            8           128           500             0             1         24 106.722168            0 
            8           128           500             0             1         25 106.540161            0 
            8           128           500             0             1         26 106.796143            0 
            8           128           500             0             1         27 106.557129            0 
            8           128           500             0             1         28 106.371216            0 
            8           128           500             0             1         29 106.820068            0 
            8           128           500             0             1         30 106.843018            0 
            8           128           500             0             1         31 106.582153            0 
            8           128           500             0             1         32 106.142212            0 
            8           128           500             0             1         33 106.827026            0 
            8           128           500             0             1         34 106.476074            0 
            8           128           500             0             1         35 106.722046            0 
            8           128           500             0             1         36 107.000244            0 
            8           128           500             0             1         37 191.047974            0 
            8           128           500             0             1         38 106.661133            0 
            8           128           500             0             1         39 106.676270            0 
            8           128           500             0             1         40 106.696167            0 
            8           128           500             0             1         41 106.458252            0 
            8           128           500             0             1         42 106.542114            0 
            8           128           500             0             1         43 106.540283            0 
            8           128           500             0             1         44 106.607178            0 
            8           128           500             0             1         45 106.958130            0 
            8           128           500             0             1         46 106.313110            0 
            8           128           500             0             1         47 106.825195            0 
            8           128           500             0             1         48 106.604248            0 
            8           128           500             0             1         49 106.631226            0 
            8           128           500             0             1         50 106.482178            0 
            8           128           500             0             1         51 106.476074            0 
            8           128           500             0             1         52 106.617065            0 
            8           128           500             0             1         53 106.506104            0 
            8           128           500             0             1         54 106.521240            0 
            8           128           500             0             1         55 106.546143            0 
            8           128           500             0             1         56 106.208252            0 
            8           128           500             0             1         57 106.796997            0 
            8           128           500             0             1         58 106.457275            0 
            8           128           500             0             1         59 106.758057            0 
            8           128           500             0             1         60 106.860107            0 
            8           128           500             0             1         61 106.259277            0 
            8           128           500             0             1         62 106.738281            0 
            8           128           500             0             1         63 106.369141            0 
            8           128           500             0             1         64 106.813110            0 
            8           128           500             0             1         65 106.356201            0 
            8           128           500             0             1         66 106.444214            0 
            8           128           500             0             1         67 106.648193            0 
            8           128           500             0             1         68 106.566162            0 
            8           128           500             0             1         69 106.609131            0 
            8           128           500             0             1         70 106.594238            0 
            8           128           500             0             1         71 106.479248            0 
            8           128           500             0             1         72 106.472046            0 
            8           128           500             0             1         73 106.888184            0 
            8           128           500             0             1         74 106.407227            0 
            8           128           500             0             1         75 106.411133            0 
            8           128           500             0             1         76 106.433105            0 
            8           128           500             0             1         77 106.614136            0 
            8           128           500             0             1         78 106.739136            0 
            8           128           500             0             1         79 106.666382            0 
            8           128           500             0             1         80 106.465088            0 
            8           128           500             0             1         81 106.700073            0 
            8           128           500             0             1         82 106.537109            0 
            8           128           500             0             1         83 106.465088            0 
            8           128           500             0             1         84 106.387329            0 
            8           128           500             0             1         85 106.636108            0 
            8           128           500             0             1         86 106.265137            0 
            8           128           500             0             1         87 106.950073            0 
            8           128           500             0             1         88 106.302124            0 
            8           128           500             0             1         89 107.153076            0 
            8           128           500             0             1         90 106.798096            0 
            8           128           500             0             1         91 106.728149            0 
            8           128           500             0             1         92 106.510254            0 
            8           128           500             0             1         93 106.446167            0 
            8           128           500             0             1         94 106.639160            0 
            8           128           500             0             1         95 106.379150            0 
            8           128           500             0             1         96 106.690186            0 
            8           128           500             0             1         97 108.477051            0 
            8           128           500             0             1         98 106.255127            0 
            8           128           500             0             1         99 106.588135            0 
            8           128           500             0             1        100 106.859253            0 
            8           128           500             0             1        101 106.493164            0 
            8           128           500             0             1        102 106.725220            0 
            8           128           500             0             1        103 106.852173            0 
            8           128           500             0             1        104 106.702148            0 
            8           128           500             0             1        105 106.560059            0 
            8           128           500             0             1        106 106.554077            0 
            8           128           500             0             1        107 106.594238            0 
            8           128           500             0             1        108 106.776245            0 
            8           128           500             0             1        109 106.045166            0 
            8           128           500             0             1        110 106.292114            0 
            8           128           500             0             1        111 106.681274            0 
            8           128           500             0             1        112 106.136230            0 
            8           128           500             0             1        113 106.734985            0 
            8           128           500             0             1        114 106.675049            0 
            8           128           500             0             1        115 106.634155            0 
            8           128           500             0             1        116 106.817993            0 
            8           128           500             0             1        117 106.715210            0 
            8           128           500             0             1        118 106.892090            0 
            8           128           500             0             1        119 106.652100            0 
            8           128           500             0             1        120 106.757202            0 
            8           128           500             0             1        121 106.493164            0 
            8           128           500             0             1        122 106.644165            0 
            8           128           500             0             1        123 106.893188            0 
            8           128           500             0             1        124 106.612183            0 
            8           128           500             0             1        125 106.528076            0 
            8           128           500             0             1        126 107.008057            0 
            8           128           500             0             1        127 106.620239            0 
            8           128           500             0             1        128 106.754150            0 
            8           128           500             0             1        129 106.562012            0 
            8           128           500             0             1        130 106.330078            0 
            8           128           500             0             1        131 107.007080            0 
            8           128           500             0             1        132 106.882080            0 
            8           128           500             0             1        133 106.540161            0 
            8           128           500             0             1        134 106.867065            0 
            8           128           500             0             1        135 107.230103            0 
            8           128           500             0             1        136 106.182251            0 
            8           128           500             0             1        137 106.666138            0 
            8           128           500             0             1        138 106.582275            0 
            8           128           500             0             1        139 106.625122            0 
            8           128           500             0             1        140 106.833984            0 
            8           128           500             0             1        141 106.644165            0 
            8           128           500             0             1        142 106.265137            0 
            8           128           500             0             1        143 106.492065            0 
            8           128           500             0             1        144 106.466187            0 
            8           128           500             0             1        145 105.979126            0 
            8           128           500             0             1        146 106.733032            0 
            8           128           500             0             1        147 107.131104            0 
            8           128           500             0             1        148 106.177246            0 
            8           128           500             0             1        149 106.337158            0 
            8           128           500             0             1        150 106.796021            0 
            8           128           500             0             1        151 106.640137            0 
            8           128           500             0             1        152 106.866211            0 
            8           128           500             0             1        153 106.804199            0 
            8           128           500             0             1        154 106.971924            1 
            8           128           500             0             1        155 106.659180            0 
            8           128           500             0             1        156 106.367188            0 
            8           128           500             0             1        157 106.634155            0 
            8           128           500             0             1        158 106.452271            0 
            8           128           500             0             1        159 106.658081            0 
            8           128           500             0             1        160 106.782104            0 
            8           128           500             0             1        161 106.570190            0 
            8           128           500             0             1        162 106.616089            0 
            8           128           500             0             1        163 106.847168            0 
            8           128           500             0             1        164 106.693115            0 
            8           128           500             0             1        165 106.523071            0 
            8           128           500             0             1        166 106.399048            0 
            8           128           500             0             1        167 106.792236            0 
            8           128           500             0             1        168 106.518188            0 
            8           128           500             0             1        169 107.226074            0 
            8           128           500             0             1        170 106.350220            0 
            8           128           500             0             1        171 106.825073            0 
            8           128           500             0             1        172 106.663086            0 
            8           128           500             0             1        173 106.446167            0 
            8           128           500             0             1        174 106.553101            0 
            8           128           500             0             1        175 106.406128            0 
            8           128           500             0             1        176 106.644043            0 
            8           128           500             0             1        177 106.178223            0 
            8           128           500             0             1        178 106.825073            0 
            8           128           500             0             1        179 106.731079            0 
            8           128           500             0             1        180 106.744141            0 
            8           128           500             0             1        181 106.483154            0 
            8           128           500             0             1        182 106.632080            0 
            8           128           500             0             1        183 106.748169            0 
            8           128           500             0             1        184 106.579102            0 
            8           128           500             0             1        185 106.534180            0 
            8           128           500             0             1        186 106.564209            0 
            8           128           500             0             1        187 106.751099            0 
            8           128           500             0             1        188 106.414062            0 
            8           128           500             0             1        189 106.662231            0 
            8           128           500             0             1        190 106.517212            0 
            8           128           500             0             1        191 106.889160            0 
            8           128           500             0             1        192 106.266113            0 
            8           128           500             0             1        193 106.531128            0 
            8           128           500             0             1        194 106.325073            0 
            8           128           500             0             1        195 106.934204            0 
            8           128           500             0             1        196 106.848145            0 
            8           128           500             0             1        197 106.868042            0 
            8           128           500             0             1        198 106.608032            0 
            8           128           500             0             1        199 107.070068            0 
            8           128           500             0             1        200 106.493164            0 
            8           128           500             0             1        201 106.946167            0 
            8           128           500             0             1        202 106.598145            0 
            8           128           500             0             1        203 107.426270            0 
            8           128           500             0             1        204 106.526123            0 
            8           128           500             0             1        205 106.624146            0 
            8           128           500             0             1        206 106.718140            0 
            8           128           500             0             1        207 106.879150            0 
            8           128           500             0             1        208 106.616089            0 
            8           128           500             0             1        209 106.922119            0 
            8           128           500             0             1        210 106.036255            0 
            8           128           500             0             1        211 107.285034            0 
            8           128           500             0             1        212 106.453125            0 
            8           128           500             0             1        213 106.411011            0 
            8           128           500             0             1        214 106.491211            0 
            8           128           500             0             1        215 106.780151            0 
            8           128           500             0             1        216 106.476196            0 
            8           128           500             0             1        217 107.126099            0 
            8           128           500             0             1        218 107.246094            0 
            8           128           500             0             1        219 106.956177            0 
            8           128           500             0             1        220 106.464233            0 
            8           128           500             0             1        221 106.995117            0 
            8           128           500             0             1        222 106.640259            0 
            8           128           500             0             1        223 106.543213            0 
            8           128           500             0             1        224 106.577148            0 
            8           128           500             0             1        225 106.784058            0 
            8           128           500             0             1        226 106.284058            0 
            8           128           500             0             1        227 107.150146            0 
            8           128           500             0             1        228 106.633301            0 
            8           128           500             0             1        229 106.435059            0 
            8           128           500             0             1        230 106.182129            0 
            8           128           500             0             1        231 106.241333            0 
            8           128           500             0             1        232 107.007202            0 
            8           128           500             0             1        233 106.391113            0 
            8           128           500             0             1        234 106.828247            0 
            8           128           500             0             1        235 106.637207            0 
            8           128           500             0             1        236 106.690063            0 
            8           128           500             0             1        237 106.431152            0 
            8           128           500             0             1        238 106.620117            0 
            8           128           500             0             1        239 106.421143            0 
            8           128           500             0             1        240 106.806152            0 
            8           128           500             0             1        241 106.572021            0 
            8           128           500             0             1        242 106.664062            0 
            8           128           500             0             1        243 106.665039            0 
            8           128           500             0             1        244 106.728149            0 
            8           128           500             0             1        245 106.351074            0 
            8           128           500             0             1        246 106.550171            0 
            8           128           500             0             1        247 106.685059            0 
            8           128           500             0             1        248 106.640137            0 
            8           128           500             0             1        249 106.247192            0 
            8           128           500             0             1        250 146.641235            0 
            8           128           500             0             1        251 106.611206            0 
            8           128           500             0             1        252 106.367188            0 
            8           128           500             0             1        253 106.047119            0 
            8           128           500             0             1        254 107.201172            0 
            8           128           500             0             1        255 106.475098            0 
            8           128           500             0             1        256 107.065063            3 
            8           128           500             0             1        257 106.539185            0 
            8           128           500             0             1        258 106.624268            0 
            8           128           500             0             1        259 106.829224            0 
            8           128           500             0             1        260 106.474121            0 
            8           128           500             0             1        261 110.507812            0 
            8           128           500             0             1        262 106.617065            0 
            8           128           500             0             1        263 106.761230            0 
            8           128           500             0             1        264 106.664062            0 
            8           128           500             0             1        265 106.709106            0 
            8           128           500             0             1        266 106.676025            0 
            8           128           500             0             1        267 106.594116            0 
            8           128           500             0             1        268 106.620117            0 
            8           128           500             0             1        269 106.495239            0 
            8           128           500             0             1        270 106.667236            0 
            8           128           500             0             1        271 106.652100            0 
            8           128           500             0             1        272 106.755981            0 
            8           128           500             0             1        273 106.509277            0 
            8           128           500             0             1        274 106.613159            0 
            8           128           500             0             1        275 106.448242            0 
            8           128           500             0             1        276 106.446167            0 
            8           128           500             0             1        277 106.014282            0 
            8           128           500             0             1        278 106.819092            0 
            8           128           500             0             1        279 107.232178            0 
            8           128           500             0             1        280 106.723145            0 
            8           128           500             0             1        281 106.566162            0 
            8           128           500             0             1        282 106.703125            0 
            8           128           500             0             1        283 106.156250            0 
            8           128           500             0             1        284 106.813110            0 
            8           128           500             0             1        285 106.434082            0 
            8           128           500             0             1        286 106.925171            0 
            8           128           500             0             1        287 106.481079            0 
            8           128           500             0             1        288 106.856079            0 
            8           128           500             0             1        289 106.444092            0 
            8           128           500             0             1        290 106.400146            0 
            8           128           500             0             1        291 106.708252            0 
            8           128           500             0             1        292 106.153198            0 
            8           128           500             0             1        293 106.278076            0 
            8           128           500             0             1        294 106.690308            0 
            8           128           500             0             1        295 106.999146            0 
            8           128           500             0             1        296 106.811157            0 
            8           128           500             0             1        297 106.704102            0 
            8           128           500             0             1        298 106.856201            0 
            8           128           500             0             1        299 106.948242            0 
            8           128           500             0             1        300 106.721069            0 
            8           128           500             0             1        301 106.548218            0 
            8           128           500             0             1        302 106.550171            0 
            8           128           500             0             1        303 106.251221            0 
            8           128           500             0             1        304 107.059204            0 
            8           128           500             0             1        305 106.153198            0 
            8           128           500             0             1        306 106.722290            0 
            8           128           500             0             1        307 106.196167            0 
            8           128           500             0             1        308 107.085083            0 
            8           128           500             0             1        309 106.063232            0 
            8           128           500             0             1        310 106.837280            0 
            8           128           500             0             1        311 106.409058            0 
            8           128           500             0             1        312 106.752197            0 
            8           128           500             0             1        313 106.995239            0 
            8           128           500             0             1        314 106.723145            0 
            8           128           500             0             1        315 106.558228            0 
            8           128           500             0             1        316 106.903931            0 
            8           128           500             0             1        317 106.690063            0 
            8           128           500             0             1        318 106.792236            0 
            8           128           500             0             1        319 106.494141            0 
            8           128           500             0             1        320 107.369995            0 
            8           128           500             0             1        321 107.003052            0 
            8           128           500             0             1        322 106.471191            0 
            8           128           500             0             1        323 106.416260            0 
            8           128           500             0             1        324 106.319214            0 
            8           128           500             0             1        325 106.984009            0 
            8           128           500             0             1        326 106.431152            0 
            8           128           500             0             1        327 106.696167            0 
            8           128           500             0             1        328 106.285034            0 
            8           128           500             0             1        329 107.257080            0 
            8           128           500             0             1        330 106.270142            0 
            8           128           500             0             1        331 106.754150            0 
            8           128           500             0             1        332 106.571167            0 
            8           128           500             0             1        333 106.270142            0 
            8           128           500             0             1        334 106.104126            0 
            8           128           500             0             1        335 106.543091            0 
            8           128           500             0             1        336 106.501343            0 
            8           128           500             0             1        337 106.615112            0 
            8           128           500             0             1        338 106.460083            0 
            8           128           500             0             1        339 106.784180            0 
            8           128           500             0             1        340 106.310181            0 
            8           128           500             0             1        341 106.325195            0 
            8           128           500             0             1        342 106.273071            0 
            8           128           500             0             1        343 107.053223            0 
            8           128           500             0             1        344 106.511230            0 
            8           128           500             0             1        345 106.577148            0 
            8           128           500             0             1        346 106.564209            0 
            8           128           500             0             1        347 106.765137            0 
            8           128           500             0             1        348 106.173096            0 
            8           128           500             0             1        349 106.406128            0 
            8           128           500             0             1        350 106.295166            0 
            8           128           500             0             1        351 106.653198            0 
            8           128           500             0             1        352 106.712158            0 
            8           128           500             0             1        353 106.752075            0 
            8           128           500             0             1        354 106.791138            0 
            8           128           500             0             1        355 106.590210            0 
            8           128           500             0             1        356 106.360229            0 
            8           128           500             0             1        357 107.239258            0 
            8           128           500             0             1        358 106.861206            0 
            8           128           500             0             1        359 106.802246            0 
            8           128           500             0             1        360 106.599243            0 
            8           128           500             0             1        361 106.641113            0 
            8           128           500             0             1        362 106.083252            0 
            8           128           500             0             1        363 106.665161            0 
            8           128           500             0             1        364 106.825195            0 
            8           128           500             0             1        365 106.433228            0 
            8           128           500             0             1        366 105.980225            0 
            8           128           500             0             1        367 106.848145            0 
            8           128           500             0             1        368 106.875122            0 
            8           128           500             0             1        369 106.363037            0 
            8           128           500             0             1        370 109.938965            0 
            8           128           500             0             1        371 106.567261            0 
            8           128           500             0             1        372 106.613037            0 
            8           128           500             0             1        373 106.462280            0 
            8           128           500             0             1        374 106.728149            0 
            8           128           500             0             1        375 106.955078            0 
            8           128           500             0             1        376 106.740112            0 
            8           128           500             0             1        377 106.798096            0 
            8           128           500             0             1        378 106.748047            0 
            8           128           500             0             1        379 106.773071            0 
            8           128           500             0             1        380 106.526245            0 
            8           128           500             0             1        381 106.430176            0 
            8           128           500             0             1        382 106.908081            0 
            8           128           500             0             1        383 106.812988            0 
            8           128           500             0             1        384 106.572998            0 
            8           128           500             0             1        385 106.357178            0 
            8           128           500             0             1        386 106.214111            0 
            8           128           500             0             1        387 106.342163            0 
            8           128           500             0             1        388 105.970215            0 
            8           128           500             0             1        389 106.673218            0 
            8           128           500             0             1        390 106.439209            0 
            8           128           500             0             1        391 106.702148            0 
            8           128           500             0             1        392 106.418213            0 
            8           128           500             0             1        393 106.680176            0 
            8           128           500             0             1        394 106.044067            0 
            8           128           500             0             1        395 106.714233            0 
            8           128           500             0             1        396 106.705200            0 
            8           128           500             0             1        397 106.813110            0 
            8           128           500             0             1        398 106.183105            0 
            8           128           500             0             1        399 107.009155            0 
            8           128           500             0             1        400 106.827148            0 
            8           128           500             0             1        401 106.959229            0 
            8           128           500             0             1        402 106.263306            0 
            8           128           500             0             1        403 107.006104            0 
            8           128           500             0             1        404 106.770142            0 
            8           128           500             0             1        405 106.868286            0 
            8           128           500             0             1        406 106.438110            0 
            8           128           500             0             1        407 106.793213            0 
            8           128           500             0             1        408 106.389038            0 
            8           128           500             0             1        409 106.209106            0 
            8           128           500             0             1        410 106.627075            0 
            8           128           500             0             1        411 106.678101            0 
            8           128           500             0             1        412 106.110229            0 
            8           128           500             0             1        413 106.749023            0 
            8           128           500             0             1        414 106.544189            0 
            8           128           500             0             1        415 106.626221            0 
            8           128           500             0             1        416 106.894043            0 
            8           128           500             0             1        417 107.057007            0 
            8           128           500             0             1        418 106.485229            0 
            8           128           500             0             1        419 106.478149            0 
            8           128           500             0             1        420 106.660156            0 
            8           128           500             0             1        421 106.285156            0 
            8           128           500             0             1        422 106.693237            0 
            8           128           500             0             1        423 106.608032            0 
            8           128           500             0             1        424 106.733154            0 
            8           128           500             0             1        425 106.823242            0 
            8           128           500             0             1        426 106.447144            0 
            8           128           500             0             1        427 106.644043            0 
            8           128           500             0             1        428 106.261230            0 
            8           128           500             0             1        429 106.689209            0 
            8           128           500             0             1        430 106.281250            0 
            8           128           500             0             1        431 106.494141            0 
            8           128           500             0             1        432 106.580078            0 
            8           128           500             0             1        433 106.432129            0 
            8           128           500             0             1        434 106.694214            0 
            8           128           500             0             1        435 106.420044            0 
            8           128           500             0             1        436 106.667236            0 
            8           128           500             0             1        437 106.434204            0 
            8           128           500             0             1        438 106.164185            0 
            8           128           500             0             1        439 106.832031            0 
            8           128           500             0             1        440 106.660034            0 
            8           128           500             0             1        441 107.269165            0 
            8           128           500             0             1        442 106.423218            0 
            8           128           500             0             1        443 106.514282            0 
            8           128           500             0             1        444 106.823242            0 
            8           128           500             0             1        445 106.897217            0 
            8           128           500             0             1        446 106.643311            0 
            8           128           500             0             1        447 106.452148            0 
            8           128           500             0             1        448 107.208008            0 
            8           128           500             0             1        449 194.870728            0 
            8           128           500             0             1        450 106.430176            0 
            8           128           500             0             1        451 106.664062            0 
            8           128           500             0             1        452 107.011108            0 
            8           128           500             0             1        453 106.777222            0 
            8           128           500             0             1        454 106.524048            0 
            8           128           500             0             1        455 106.311279            0 
            8           128           500             0             1        456 106.207153            0 
            8           128           500             0             1        457 106.385986            0 
            8           128           500             0             1        458 106.627075            0 
            8           128           500             0             1        459 106.531128            0 
            8           128           500             0             1        460 106.704102            0 
            8           128           500             0             1        461 106.349121            0 
            8           128           500             0             1        462 106.550171            0 
            8           128           500             0             1        463 106.672241            0 
            8           128           500             0             1        464 106.217285            0 
            8           128           500             0             1        465 106.244141            0 
            8           128           500             0             1        466 106.349243            0 
            8           128           500             0             1        467 106.261230            0 
            8           128           500             0             1        468 106.272095            0 
            8           128           500             0             1        469 106.461182            0 
            8           128           500             0             1        470 105.938232            0 
            8           128           500             0             1        471 106.626099            0 
            8           128           500             0             1        472 106.245239            0 
            8           128           500             0             1        473 106.407104            0 
            8           128           500             0             1        474 106.291138            0 
            8           128           500             0             1        475 106.339233            0 
            8           128           500             0             1        476 107.340088            0 
            8           128           500             0             1        477 106.894287            0 
            8           128           500             0             1        478 106.400146            0 
            8           128           500             0             1        479 106.713135            0 
            8           128           500             0             1        480 106.490112            0 
            8           128           500             0             1        481 106.899170            0 
            8           128           500             0             1        482 106.470215            0 
            8           128           500             0             1        483 106.445190            0 
            8           128           500             0             1        484 106.148193            0 
            8           128           500             0             1        485 106.580200            0 
            8           128           500             0             1        486 106.258301            0 
            8           128           500             0             1        487 106.318115            0 
            8           128           500             0             1        488 106.383179            0 
            8           128           500             0             1        489 106.359131            0 
            8           128           500             0             1        490 106.481201            0 
            8           128           500             0             1        491 106.342163            0 
            8           128           500             0             1        492 106.622192            0 
            8           128           500             0             1        493 106.170166            0 
            8           128           500             0             1        494 106.376221            0 
            8           128           500             0             1        495 106.445190            0 
            8           128           500             0             1        496 106.315063            0 
            8           128           500             0             1        497 106.681152            0 
            8           128           500             0             1        498 106.626099            0 
            8           128           500             0             1        499 106.522095            0 
# Runtime: 2.072562 s (overhead: 0.000193 %) 500 records
